tempo,altura
1,0.006366197723675813
2,0.012709907582626124
3,0.01904433076022932
4,0.025371633731029027
5,0.0316929380673846
6,0.038008960556706176
7,0.044320210373305066
8,0.05062707335403333
9,0.056929854971889585
10,0.06322880487755153
11,0.06952413207701044
12,0.07581601489232098
13,0.08210460780686449
14,0.08839004634617309
15,0.09467245066468771
16,0.10095192824876736
17,0.10722857599764064
18,0.11350248185508521
19,0.11977372610934893
20,0.12604238244330868
21,0.13230851879337532
22,0.13857219805972562
23,0.14483347869939778
24,0.15109241522597788
25,0.15734905863398124
26,0.1636034567619208
27,0.16985565460500246
28,0.17610569458609185
29,0.1823536167918506
30,0.18859945917959514
31,0.19484325775938632
32,0.20108504675503747
33,0.20732485874707873
34,0.21356272480019736
35,0.21979867457725608
36,0.22603273644165436
37,0.23226493754952152
38,0.23849530393300425
39,0.24472386057572565
40,0.25095063148133645
41,0.25717563973595137
42,0.26339890756515416
43,0.2696204563861645
44,0.2758403068556816
45,0.2820584789138554
46,0.2882749918247782
47,0.29448986421384427
48,0.30070311410228057
49,0.3069147589391199
50,0.31312481563085354
51,0.31933330056897646
52,0.3255402296556134
53,0.3317456183273946
54,0.3379494815777315
55,0.3441518339776289
56,0.35035268969515293
57,0.3565520625136666
58,0.36274996584892993
59,0.36894641276515455
60,0.3751414159900937
61,0.3813349879292404
62,0.387527140679201
63,0.39371788604030417
64,0.39990723552850094
65,0.4060952003866062
66,0.41228179159492767
67,0.4184670198813248
68,0.42465089573073583
69,0.43083342939420954
70,0.4370146308974731
71,0.4431945100490674
72,0.4493730764480767
73,0.45555033949147883
74,0.4617263083811387
75,0.46790099213046843
76,0.47407439957077274
77,0.4802465393572998
78,0.4864174199750137
79,0.49258704974410605
80,0.49875543682526047
81,0.5049225892246847
82,0.5110885147989234
83,0.5172532212594633
84,0.5234167161771429
85,0.5295790069863763
86,0.5357401009892012
87,0.5419000053591619
88,0.5480587271450337
89,0.5542162732743977
90,0.5603726505570751
91,0.5665278656884253
92,0.5726819252525172
93,0.5788348357251781
94,0.5849866034769278
95,0.5911372347758012
96,0.5972867357900675
97,0.6034351125908489
98,0.6095823711546435
99,0.6157285173657584
100,0.6218735570186555
101,0.6280174958202147
102,0.6341603393919182
103,0.640302093271959
104,0.6464427629172775
105,0.6525823537055292
106,0.6587208709369857
107,0.6648583198363732
108,0.67099470555465
109,0.6771300331707262
110,0.6832643076931274
111,0.6893975340616059
112,0.6955297171486997
113,0.7016608617612438
114,0.7077909726418324
115,0.7139200544702384
116,0.720048111864787
117,0.7261751493836893
118,0.7323011715263351
119,0.738426182734547
120,0.7445501873937972
121,0.7506731898343896
122,0.7567951943326063
123,0.7629162051118217
124,0.7690362263435843
125,0.775155262148668
126,0.7812733165980943
127,0.7873903937141244
128,0.7935064974712259
129,0.7996216317970108
130,0.8057358005731498
131,0.81184900763626
132,0.8179612567787707
133,0.8240725517497643
134,0.8301828962557962
135,0.8362922939616925
136,0.842400748491327
137,0.8485082634283786
138,0.8546148423170685
139,0.8607204886628793
140,0.866825205933255
141,0.8729289975582842
142,0.8790318669313664
143,0.8851338174098607
144,0.8912348523157199
145,0.8973349749361077
146,0.9034341885240024
147,0.9095324962987846
148,0.9156299014468123
149,0.9217264071219808
150,0.9278220164462708
151,0.9339167325102826
152,0.9400105583737584
153,0.9461034970660921
154,0.9521955515868283
155,0.9582867249061487
156,0.9643770199653481
157,0.9704664396772996
158,0.9765549869269097
159,0.9826426645715622
160,0.9887294754415539
161,0.9948154223405191
162,1.000900508045846
163,1.0069847353090835
164,1.0130681068563392
165,1.0191506253886695
166,1.0252322935824603
167,1.0313131140898006
168,1.037393089538848
169,1.0434722225341857
170,1.0495505156571738
171,1.055627971466292
172,1.061704592497475
173,1.0677803812644424
174,1.073855340259021
175,1.07992947195146
176,1.0860027787907418
177,1.0920752632048845
178,1.0981469276012392
179,1.1042177743667823
180,1.1102878058684005
181,1.1163570244531715
182,1.1224254324486385
183,1.1284930321630795
184,1.134559825885772
185,1.1406258158872522
186,1.1466910044195686
187,1.1527553937165325
188,1.1588189859939617
189,1.1648817834499219
190,1.1709437882649618
191,1.1770050026023444
192,1.1830654286082747
193,1.1891250684121222
194,1.1951839241266398
195,1.2012419978481794
196,1.2072992916569023
197,1.2133558076169866
198,1.2194115477768313
199,1.2254665141692558
200,1.2315207088116966
201,1.2375741337064003
202,1.2436267908406133
203,1.249678682186768
204,1.2557298097026657
205,1.261780175331657
206,1.267829781002819
207,1.2738786286311277
208,1.2799267201176308
209,1.2859740573496146
210,1.2920206422007692
211,1.2980664765313514
212,1.3041115621883443
213,1.3101559010056143
214,1.3161994948040654
215,1.3222423453917915
216,1.328284454564226
217,1.3343258241042883
218,1.3403664557825288
219,1.3464063513572713
220,1.3524455125747532
221,1.3584839411692629
222,1.3645216388632755
223,1.3705586073675868
224,1.3765948483814443
225,1.3826303635926762
226,1.3886651546778193
227,1.394699223302244
228,1.4007325711202776
229,1.4067651997753265
230,1.4127971108999948
231,1.4188283061162026
232,1.424858787035302
233,1.4308885552581916
234,1.4369176123754286
235,1.4429459599673398
236,1.4489735996041306
237,1.4550005328459934
238,1.4610267612432124
239,1.4670522863362685
240,1.4730771096559425
241,1.479101232723416
242,1.4851246570503718
243,1.4911473841390912
244,1.4971694154825528
245,1.5031907525645265
246,1.5092113968596685
247,1.5152313498336145
248,1.5212506129430703
249,1.527269187635903
250,1.5332870753512298
251,1.5393042775195054
252,1.545320795562609
253,1.5513366308939294
254,1.557351784918449
255,1.5633662590328274
256,1.5693800546254824
257,1.5753931730766713
258,1.58140561575857
259,1.587417384035353
260,1.5934284792632682
261,1.599438902790716
262,1.6054486559583236
263,1.6114577400990187
264,1.6174661565381039
265,1.623473906593329
266,1.629480991574962
267,1.6354874127858599
268,1.6414931715215384
269,1.6474982690702402
270,1.6535027067130033
271,1.6595064857237274
272,1.6655096073692401
273,1.6715120729093627
274,1.6775138835969732
275,1.683515040678071
276,1.6895155453918391
277,1.6955153989707064
278,1.7015146026404082
279,1.707513157620047
280,1.7135110651221523
281,1.7195083263527389
282,1.7255049425113649
283,1.7315009147911902
284,1.737496244379032
285,1.7434909324554215
286,1.7494849801946586
287,1.755478388764867
288,1.761471159328048
289,1.7674632930401337
290,1.7734547910510396
291,1.779445654504717
292,1.7854358845392038
293,1.7914254822866753
294,1.7974144488734953
295,1.8034027854202646
296,1.8093904930418698
297,1.8153775728475332
298,1.8213640259408588
299,1.8273498534198804
300,1.8333350563771087
301,1.8393196358995765
302,1.845303593068885
303,1.8512869289612488
304,1.8572696446475399
305,1.8632517411933327
306,1.8692332196589467
307,1.87521408109949
308,1.8811943265649014
309,1.887173957099993
310,1.8931529737444917
311,1.8991313775330798
312,1.905109169495436
313,1.911086350656276
314,1.9170629220353914
315,1.9230388846476896
316,1.9290142395032324
317,1.9349889876072746
318,1.9409631299603016
319,1.946936667558068
320,1.9529096013916334
321,1.9588819324474
322,1.964853661707149
323,1.9708247901480762
324,1.9767953187428278
325,1.9827652484595353
326,1.9887345802618506
327,1.9947033151089806
328,2.0006714539557207
329,2.006638997752489
330,2.0126059474453597
331,2.018572303976095
332,2.02453806828218
333,2.0305032412968522
334,2.0364678239491356
335,2.0424318171638713
336,2.048395221861749
337,2.0543580389593386
338,2.060320269369119
339,2.0662819139995103
340,2.072242973754904
341,2.0782034495356903
342,2.08416334223829
343,2.0901226527551824
344,2.0960813819749347
345,2.1020395307822293
346,2.1079971000578936
347,2.1139540906789267
348,2.1199105035185273
349,2.125866339446122
350,2.1318215993273912
351,2.1377762840242958
352,2.143730394395105
353,2.149683931294422
354,2.1556368955732093
355,2.1615892880788152
356,2.1675411096549997
357,2.173492361141958
358,2.1794430433763483
359,2.185393157191314
360,2.1913427034165096
361,2.197291682878124
362,2.2032400963989063
363,2.2091879447981873
364,2.2151352288919046
365,2.2210819494926257
366,2.2270281074095712
367,2.2329737034486374
368,2.238918738412419
369,2.244863213100232
370,2.2508071283081352
371,2.2567504848289532
372,2.2626932834522973
373,2.268635524964588
374,2.2745772101490758
375,2.2805183397858633
376,2.2864589146519245
377,2.2923989355211276
378,2.298338403164254
379,2.304277318349021
380,2.3102156818400985
381,2.316153494399133
382,2.322090756784765
383,2.3280274697526484
384,2.333963634055473
385,2.33989925044298
386,2.3458343196619844
387,2.3517688424563916
388,2.3577028195672174
389,2.3636362517326073
390,2.369569139687853
391,2.3755014841654134
392,2.3814332858949294
393,2.3873645456032455
394,2.393295264014425
395,2.3992254418497687
396,2.4051550798278325
397,2.4110841786644444
398,2.4170127390727214
399,2.422940761763088
400,2.428868247443291
401,2.434795196818419
402,2.4407216105909164
403,2.4466474894606
404,2.452572834124678
405,2.4584976452777636
406,2.464421923611891
407,2.470345669816534
408,2.4762688845786176
409,2.4821915685825378
410,2.4881137225101746
411,2.4940353470409082
412,2.499956442851634
413,2.5058770106167776
414,2.5117970510083096
415,2.5177165646957613
416,2.5236355523462386
417,2.5295540146244373
418,2.535471952192657
419,2.5413893657108155
420,2.5473062558364634
421,2.5532226232247974
422,2.5591384685286758
423,2.565053792398631
424,2.5709685954828836
425,2.5768828784273565
426,2.582796641875688
427,2.5887098864692453
428,2.594622612847138
429,2.6005348216462316
430,2.60644651350116
431,2.612357689044338
432,2.6182683489059753
433,2.6241784937140893
434,2.630088124094517
435,2.6359972406709287
436,2.6419058440648384
437,2.6478139348956184
438,2.6537215137805106
439,2.6596285813346383
440,2.6655351381710193
441,2.671441184900577
442,2.6773467221321527
443,2.6832517504725177
444,2.689156270526384
445,2.695060282896417
446,2.7009637881832465
447,2.706866786985478
448,2.7127692798997045
449,2.7186712675205174
450,2.724572750440517
451,2.730473729250326
452,2.7363742045385973
453,2.742274176892027
454,2.748173646895365
455,2.7540726151314243
456,2.7599710821810937
457,2.765869048623347
458,2.7717665150352544
459,2.777663481991992
460,2.783559950066852
461,2.789455919831255
462,2.795351391854757
463,2.8012463667050618
464,2.807140844948031
465,2.813034827147693
466,2.8189283138662526
467,2.824821305664102
468,2.83071380309983
469,2.8366058067302307
470,2.842497317110315
471,2.8483883347933188
472,2.8542788603307123
473,2.8601688942722103
474,2.8660584371657802
475,2.871947489557653
476,2.8778360519923307
477,2.8837241250125962
478,2.8896117091595226
479,2.8954988049724815
480,2.901385412989152
481,2.9072715337455306
482,2.9131571677759385
483,2.9190423156130305
484,2.924926977787805
485,2.930811154829611
486,2.936694847266158
487,2.942578055623522
488,2.948460780426157
489,2.9543430221969014
490,2.9602247814569873
491,2.966106058726048
492,2.9719868545221253
493,2.97786716936168
494,2.983747003759598
495,2.9896263582291986
496,2.9955052332822434
497,3.0013836294289424
498,3.007261547177964
499,3.0131389870364407
500,3.019015949509978
501,3.0248924351026623
502,3.030768444317067
503,3.0366439776542613
504,3.0425190356138176
505,3.048393618693819
506,3.054267727390866
507,3.0601413622000844
508,3.0660145236151317
509,3.0718872121282064
510,3.0777594282300527
511,3.0836311724099694
512,3.089502445155816
513,3.0953732469540207
514,3.1012435782895857
515,3.1071134396460964
516,3.1129828315057266
517,3.118851754349246
518,3.124720208656026
519,3.1305881949040493
520,3.1364557135699123
521,3.1423227651288355
522,3.1481893500546687
523,3.154055468819897
524,3.159921121895649
525,3.1657863097517005
526,3.171651032856484
527,3.1775152916770932
528,3.1833790866792904
529,3.189242418327512
530,3.1951052870848744
531,3.2009676934131823
532,3.2068296377729326
533,3.212691120623322
534,3.218552142422252
535,3.224412703626336
536,3.230272804690905
537,3.2361324460700125
538,3.241991628216443
539,3.247850351581715
540,3.2537086166160885
541,3.2595664237685713
542,3.265423773486923
543,3.271280666217663
544,3.2771371024060736
545,3.2829930824962084
546,3.2888486069308955
547,3.2947036761517454
548,3.300558290599155
549,3.3064124507123136
550,3.312266156929208
551,3.3181194096866293
552,3.3239722094201767
553,3.329824556564264
554,3.335676451552124
555,3.341527894815815
556,3.3473788867862253
557,3.353229427893079
558,3.3590795185649407
559,3.364929159229221
560,3.370778350312181
561,3.376627092238939
562,3.3824753854334744
563,3.3883232303186324
564,3.39417062731613
565,3.4000175768465613
566,3.4058640793294006
567,3.4117101351830095
568,3.4175557448246408
569,3.4234009086704433
570,3.429245627135467
571,3.4350899006336673
572,3.4409337295779108
573,3.4467771143799792
574,3.452620055450575
575,3.4584625531993245
576,3.464304608034785
577,3.470146220364447
578,3.4759873905947396
579,3.4818281191310363
580,3.487668406377658
581,3.493508252737878
582,3.4993476586139276
583,3.5051866244069982
584,3.5110251505172485
585,3.516863237343807
586,3.5227008852847774
587,3.5285380947372422
588,3.534374866097268
589,3.540211199759908
590,3.5460470961192097
591,3.5518825555682154
592,3.557717578498969
593,3.563552165302519
594,3.569386316368923
595,3.5752200320872523
596,3.5810533128455955
597,3.586886159031063
598,3.5927185710297898
599,3.5985505492269425
600,3.6043820940067204
601,3.610213205752361
602,3.616043884846143
603,3.6218741316693923
604,3.627703946602484
605,3.6335333300248465
606,3.6393622823149663
607,3.6451908038503915
608,3.651018895007736
609,3.6568465561626824
610,3.6626737876899864
611,3.668500589963481
612,3.67432696335608
613,3.6801529082397813
614,3.685978424985671
615,3.6918035139639276
616,3.6976281755438247
617,3.7034524100937354
618,3.709276217981136
619,3.7150995995726084
620,3.7209225552338463
621,3.726745085329656
622,3.7325671902239614
623,3.738388870279808
624,3.744210125859364
625,3.750030957323928
626,3.755851365033928
627,3.7616713493489273
628,3.767490910627629
629,3.773310049227876
630,3.779128765506658
631,3.7849470598201127
632,3.7907649325235298
633,3.796582383971354
634,3.80239941451719
635,3.8082160245138033
636,3.8140322143131247
637,3.819847984266254
638,3.8256633347234628
639,3.831478266034198
640,3.8372927785470847
641,3.84310687260993
642,3.8489205485697244
643,3.854733806772648
644,3.8605466475640715
645,3.866359071288559
646,3.8721710782898735
647,3.877982668910977
648,3.883793843494036
649,3.8896046023804227
650,3.8954149459107206
651,3.9012248744247247
652,3.9070343882614464
653,3.9128434877591154
654,3.9186521732551833
655,3.9244604450863267
656,3.9302683035884503
657,3.9360757490966884
658,3.94188278194541
659,3.9476894024682196
660,3.9534956109979627
661,3.9593014078667252
662,3.9651067934058393
663,3.970911767945885
664,3.976716331816694
665,3.9825204853473495
666,3.9883242288661935
667,3.994127562700826
668,3.9999304871781103
669,4.005733002624173
670,4.011535109364409
671,4.017336807723484
672,4.023138098025336
673,4.028938980593179
674,4.034739455749506
675,4.04053952381609
676,4.04633918511399
677,4.052138439963548
678,4.057937288684397
679,4.063735731595464
680,4.069533769014966
681,4.07533140126042
682,4.081128628648641
683,4.086925451495747
684,4.092721870117161
685,4.09851788482761
686,4.104313495941135
687,4.110108703771086
688,4.11590350863013
689,4.121697910830251
690,4.1274919106827515
691,4.133285508498256
692,4.139078704586715
693,4.1448714992574045
694,4.150663892818932
695,4.156455885579236
696,4.162247477845589
697,4.1680386699245995
698,4.1738294621222165
699,4.17961985474373
700,4.185409848093774
701,4.191199442476329
702,4.196988638194722
703,4.202777435551634
704,4.208565834849097
705,4.214353836388498
706,4.2201414404705835
707,4.22592864739546
708,4.2317154574625935
709,4.237501870970818
710,4.243287888218333
711,4.249073509502706
712,4.254858735120877
713,4.260643565369159
714,4.26642800054324
715,4.272212040938187
716,4.277995686848446
717,4.283778938567846
718,4.2895617963896004
719,4.295344260606308
720,4.301126331509957
721,4.306908009391926
722,4.312689294542987
723,4.318470187253307
724,4.324250687812449
725,4.330030796509376
726,4.335810513632452
727,4.341589839469444
728,4.347368774307525
729,4.353147318433275
730,4.358925472132683
731,4.364703235691151
732,4.370480609393492
733,4.3762575935239365
734,4.382034188366132
735,4.387810394203143
736,4.3935862113174595
737,4.3993616399909925
738,4.405136680505079
739,4.410911333140483
740,4.416685598177397
741,4.422459475895446
742,4.428232966573687
743,4.434006070490614
744,4.439778787924156
745,4.44555111915168
746,4.451323064449995
747,4.457094624095354
748,4.462865798363451
749,4.468636587529429
750,4.474406991867878
751,4.480177011652838
752,4.485946647157802
753,4.491715898655715
754,4.497484766418978
755,4.50325325071945
756,4.509021351828447
757,4.514789070016748
758,4.520556405554595
759,4.526323358711692
760,4.532089929757211
761,4.53785611895979
762,4.54362192658754
763,4.54938735290804
764,4.555152398188344
765,4.560917062694981
766,4.566681346693954
767,4.572445250450749
768,4.578208774230328
769,4.583971918297135
770,4.5897346829151004
771,4.595497068347637
772,4.601259074857644
773,4.607020702707512
774,4.612781952159119
775,4.618542823473834
776,4.624303316912521
777,4.6300634327355406
778,4.6358231712027465
779,4.641582532573493
780,4.647341517106634
781,4.653100125060523
782,4.658858356693019
783,4.664616212261483
784,4.6703736920227845
785,4.6761307962333
786,4.681887525148916
787,4.687643879025028
788,4.693399858116547
789,4.699155462677894
790,4.7049106929630105
791,4.71066554922535
792,4.716420031717888
793,4.72217414069312
794,4.7279278764030614
795,4.733681239099252
796,4.7394342290327565
797,4.745186846454165
798,4.750939091613596
799,4.756690964760695
800,4.762442466144642
801,4.768193596014146
802,4.77394435461745
803,4.7796947422023335
804,4.78544475901611
805,4.791194405305634
806,4.7969436813172965
807,4.80269258729703
808,4.808441123490311
809,4.814189290142156
810,4.819937087497131
811,4.825684515799344
812,4.831431575292455
813,4.837178266219669
814,4.842924588823745
815,4.8486705433469925
816,4.854416130031274
817,4.860161349118008
818,4.865906200848167
819,4.871650685462284
820,4.877394803200448
821,4.88313855430231
822,4.888881939007081
823,4.894624957553535
824,4.900367610180012
825,4.906109897124416
826,4.911851818624218
827,4.917593374916455
828,4.923334566237738
829,4.929075392824245
830,4.9348158549117285
831,4.940555952735512
832,4.946295686530494
833,4.95203505653115
834,4.957774062971533
835,4.963512706085272
836,4.969250986105578
837,4.974988903265243
838,4.980726457796639
839,4.986463649931722
840,4.992200479902035
841,4.997936947938705
842,5.003673054272445
843,5.00940879913356
844,5.015144182751941
845,5.020879205357072
846,5.0266138671780265
847,5.032348168443475
848,5.038082109381679
849,5.043815690220498
850,5.049548911187387
851,5.055281772509399
852,5.0610142744131865
853,5.066746417125003
854,5.072478200870703
855,5.0782096258757425
856,5.083940692365183
857,5.089671400563691
858,5.0954017506955385
859,5.101131742984605
860,5.106861377654378
861,5.112590654927956
862,5.118319575028047
863,5.1240481381769705
864,5.12977634459666
865,5.1355041945086635
866,5.141231688134143
867,5.146958825693877
868,5.152685607408263
869,5.158412033497315
870,5.164138104180669
871,5.169863819677579
872,5.175589180206922
873,5.1813141859871985
874,5.187038837236534
875,5.192763134172676
876,5.1984870770130005
877,5.20421066597451
878,5.2099339012738355
879,5.215656783127237
880,5.221379311750605
881,5.2271014873594615
882,5.232823310168961
883,5.238544780393893
884,5.2442658982486785
885,5.249986663947377
886,5.255707077703683
887,5.261427139730929
888,5.267146850242087
889,5.272866209449767
890,5.2785852175662225
891,5.284303874803345
892,5.290022181372672
893,5.295740137485383
894,5.301457743352303
895,5.307174999183903
896,5.312891905190298
897,5.318608461581256
898,5.324324668566189
899,5.330040526354161
900,5.335756035153884
901,5.341471195173726
902,5.347186006621705
903,5.352900469705491
904,5.358614584632412
905,5.364328351609449
906,5.3700417708432395
907,5.37575484254008
908,5.381467566905924
909,5.387179944146385
910,5.392891974466735
911,5.39860365807191
912,5.404314995166506
913,5.410025985954782
914,5.415736630640662
915,5.421446929427734
916,5.427156882519252
917,5.432866490118137
918,5.438575752426977
919,5.444284669648028
920,5.4499932419832176
921,5.455701469634141
922,5.4614093528020655
923,5.467116891687931
924,5.472824086492351
925,5.478530937415611
926,5.484237444657672
927,5.489943608418171
928,5.495649428896422
929,5.501354906291414
930,5.507060040801818
931,5.51276483262598
932,5.518469281961929
933,5.524173389007373
934,5.529877153959703
935,5.535580577015991
936,5.541283658372994
937,5.546986398227152
938,5.552688796774591
939,5.5583908542111224
940,5.564092570732243
941,5.5697939465331405
942,5.575494981808688
943,5.581195676753448
944,5.586896031561675
945,5.592596046427314
946,5.598295721544
947,5.603995057105061
948,5.60969405330352
949,5.615392710332092
950,5.621091028383187
951,5.626789007648914
952,5.632486648321074
953,5.638183950591169
954,5.643880914650397
955,5.6495775406896565
956,5.655273828899543
957,5.6609697794703555
958,5.666665392592092
959,5.672360668454455
960,5.678055607246847
961,5.683750209158377
962,5.689444474377856
963,5.695138403093802
964,5.700831995494437
965,5.706525251767691
966,5.712218172101202
967,5.717910756682315
968,5.723603005698084
969,5.729294919335273
970,5.734986497780357
971,5.740677741219521
972,5.746368649838664
973,5.752059223823395
974,5.757749463359039
975,5.763439368630633
976,5.76912893982293
977,5.774818177120399
978,5.780507080707225
979,5.78619565076731
980,5.791883887484272
981,5.7975717910414515
982,5.8032593616219055
983,5.808946599408411
984,5.814633504583466
985,5.820320077329291
986,5.826006317827828
987,5.83169222626074
988,5.837377802809416
989,5.843063047654969
990,5.848747960978234
991,5.854432542959775
992,5.860116793779881
993,5.865800713618567
994,5.8714843026555785
995,5.877167561070386
996,5.882850489042191
997,5.888533086749924
998,5.894215354372247
999,5.899897292087552
1000,5.905578900073961
1001,5.911260178509333
1002,5.916941127571256
1003,5.922621747437054
1004,5.928302038283784
1005,5.933982000288239
1006,5.939661633626947
1007,5.945340938476174
1008,5.951019915011921
1009,5.956698563409928
1010,5.962376883845672
1011,5.968054876494372
1012,5.973732541530983
1013,5.979409879130202
1014,5.9850868894664675
1015,5.990763572713958
1016,5.996439929046596
1017,6.002115958638045
1018,6.007791661661714
1019,6.013467038290755
1020,6.0191420886980636
1021,6.024816813056283
1022,6.030491211537801
1023,6.036165284314753
1024,6.04183903155902
1025,6.0475124534422315
1026,6.053185550135767
1027,6.058858321810753
1028,6.064530768638067
1029,6.0702028907883365
1030,6.075874688431939
1031,6.081546161739005
1032,6.087217310879415
1033,6.092888136022806
1034,6.098558637338564
1035,6.104228814995831
1036,6.1098986691635035
1037,6.115568200010233
1038,6.1212374077044265
1039,6.1269062924142474
1040,6.132574854307616
1041,6.13824309355221
1042,6.143911010315464
1043,6.1495786047645735
1044,6.155245877066492
1045,6.160912827387932
1046,6.166579455895368
1047,6.172245762755034
1048,6.177911748132925
1049,6.1835774121948015
1050,6.189242755106182
1051,6.194907777032351
1052,6.200572478138357
1053,6.20623685858901
1054,6.211900918548889
1055,6.217564658182336
1056,6.223228077653457
1057,6.228891177126129
1058,6.2345539567639925
1059,6.240216416730458
1060,6.245878557188703
1061,6.251540378301675
1062,6.2572018802320875
1063,6.262863063142428
1064,6.268523927194951
1065,6.274184472551685
1066,6.2798446993744275
1067,6.285504607824748
1068,6.291164198063991
1069,6.296823470253272
1070,6.302482424553479
1071,6.308141061125277
1072,6.313799380129105
1073,6.319457381725174
1074,6.325115066073475
1075,6.330772433333773
1076,6.3364294836656105
1077,6.342086217228307
1078,6.347742634180958
1079,6.35339873468244
1080,6.359054518891407
1081,6.364709986966293
1082,6.370365139065311
1083,6.376019975346455
1084,6.3816744959674985
1085,6.387328701085999
1086,6.392982590859294
1087,6.398636165444502
1088,6.404289424998528
1089,6.409942369678058
1090,6.415594999639561
1091,6.421247315039293
1092,6.426899316033292
1093,6.432551002777383
1094,6.438202375427177
1095,6.443853434138071
1096,6.449504179065249
1097,6.455154610363681
1098,6.460804728188126
1099,6.466454532693132
1100,6.472104024033034
1101,6.477753202361957
1102,6.483402067833817
1103,6.489050620602317
1104,6.494698860820954
1105,6.5003467886430135
1106,6.505994404221575
1107,6.511641707709508
1108,6.517288699259476
1109,6.522935379023934
1110,6.528581747155133
1111,6.534227803805116
1112,6.53987354912572
1113,6.545518983268578
1114,6.5511641063851185
1115,6.556808918626565
1116,6.562453420143938
1117,6.568097611088053
1118,6.573741491609525
1119,6.5793850618587655
1120,6.585028321985984
1121,6.590671272141189
1122,6.596313912474187
1123,6.601956243134586
1124,6.6075982642717905
1125,6.6132399760350085
1126,6.618881378573247
1127,6.6245224720353155
1128,6.630163256569824
1129,6.635803732325184
1130,6.641443899449611
1131,6.647083758091124
1132,6.652723308397544
1133,6.658362550516495
1134,6.664001484595407
1135,6.669640110781515
1136,6.675278429221857
1137,6.680916440063278
1138,6.68655414345243
1139,6.692191539535768
1140,6.6978286284595585
1141,6.703465410369872
1142,6.709101885412586
1143,6.71473805373339
1144,6.7203739154777775
1145,6.726009470791054
1146,6.731644719818333
1147,6.737279662704539
1148,6.742914299594405
1149,6.748548630632476
1150,6.754182655963107
1151,6.759816375730465
1152,6.765449790078529
1153,6.77108289915109
1154,6.776715703091752
1155,6.782348202043931
1156,6.787980396150857
1157,6.793612285555575
1158,6.799243870400943
1159,6.804875150829633
1160,6.8105061269841345
1161,6.816136799006751
1162,6.8217671670396
1163,6.827397231224619
1164,6.83302699170356
1165,6.838656448617993
1166,6.844285602109303
1167,6.8499144523186954
1168,6.855542999387194
1169,6.861171243455639
1170,6.866799184664693
1171,6.872426823154833
1172,6.878054159066361
1173,6.883681192539395
1174,6.8893079237138775
1175,6.894934352729569
1176,6.900560479726052
1177,6.906186304842731
1178,6.911811828218832
1179,6.917437049993405
1180,6.923061970305319
1181,6.928686589293272
1182,6.934310907095781
1183,6.9399349238511885
1184,6.945558639697662
1185,6.951182054773192
1186,6.956805169215596
1187,6.962427983162515
1188,6.968050496751417
1189,6.973672710119596
1190,6.979294623404172
1191,6.984916236742094
1192,6.990537550270134
1193,6.9961585641248965
1194,7.00177927844281
1195,7.007399693360134
1196,7.013019809012956
1197,7.018639625537192
1198,7.024259143068587
1199,7.029878361742718
1200,7.0354972816949894
1201,7.041115903060638
1202,7.04673422597473
1203,7.052352250572165
1204,7.057969976987671
1205,7.063587405355811
1206,7.069204535810979
1207,7.0748213684874
1208,7.080437903519134
1209,7.086054141040075
1210,7.091670081183947
1211,7.097285724084312
1212,7.102901069874564
1213,7.108516118687932
1214,7.114130870657481
1215,7.119745325916109
1216,7.1253594845965535
1217,7.130973346831384
1218,7.1365869127530095
1219,7.142200182493673
1220,7.147813156185457
1221,7.153425833960279
1222,7.159038215949896
1223,7.164650302285903
1224,7.170262093099732
1225,7.175873588522654
1226,7.181484788685781
1227,7.187095693720061
1228,7.192706303756285
1229,7.198316618925082
1230,7.203926639356922
1231,7.209536365182115
1232,7.215145796530813
1233,7.220754933533008
1234,7.226363776318534
1235,7.231972325017068
1236,7.237580579758129
1237,7.243188540671078
1238,7.2487962078851185
1239,7.2544035815292975
1240,7.260010661732506
1241,7.2656174486234795
1242,7.271223942330796
1243,7.276830142982878
1244,7.282436050707995
1245,7.288041665634259
1246,7.293646987889629
1247,7.299252017601909
1248,7.30485675489875
1249,7.310461199907648
1250,7.316065352755946
1251,7.321669213570836
1252,7.327272782479353
1253,7.332876059608384
1254,7.338479045084661
1255,7.344081739034765
1256,7.349684141585126
1257,7.355286252862022
1258,7.360888072991582
1259,7.36648960209978
1260,7.3720908403124445
1261,7.377691787755252
1262,7.383292444553728
1263,7.388892810833251
1264,7.394492886719048
1265,7.4000926723362
1266,7.405692167809637
1267,7.411291373264141
1268,7.416890288824347
1269,7.422488914614743
1270,7.428087250759667
1271,7.433685297383312
1272,7.439283054609725
1273,7.444880522562804
1274,7.450477701366302
1275,7.456074591143826
1276,7.461671192018838
1277,7.467267504114654
1278,7.472863527554444
1279,7.478459262461235
1280,7.484054708957908
1281,7.489649867167201
1282,7.495244737211707
1283,7.500839319213877
1284,7.506433613296016
1285,7.512027619580289
1286,7.517621338188715
1287,7.5232147692431734
1288,7.528807912865399
1289,7.534400769176986
1290,7.539993338299386
1291,7.54558562035391
1292,7.551177615461727
1293,7.5567693237438665
1294,7.562360745321215
1295,7.567951880314522
1296,7.573542728844393
1297,7.5791332910312965
1298,7.584723566995561
1299,7.590313556857375
1300,7.595903260736789
1301,7.601492678753713
1302,7.60708181102792
1303,7.612670657679046
1304,7.618259218826585
1305,7.623847494589898
1306,7.629435485088206
1307,7.6350231904405925
1308,7.6406106107660055
1309,7.6461977461832555
1310,7.651784596811018
1311,7.65737116276783
1312,7.662957444172095
1313,7.66854344114208
1314,7.674129153795915
1315,7.679714582251599
1316,7.685299726626992
1317,7.690884587039823
1318,7.6964691636076825
1319,7.702053456448032
1320,7.707637465678195
1321,7.7132211914153626
1322,7.718804633776594
1323,7.724387792878815
1324,7.729970668838818
1325,7.735553261773262
1326,7.741135571798676
1327,7.746717599031454
1328,7.752299343587861
1329,7.75788080558403
1330,7.763461985135961
1331,7.769042882359524
1332,7.774623497370459
1333,7.780203830284374
1334,7.785783881216748
1335,7.791363650282929
1336,7.796943137598137
1337,7.8025223432774595
1338,7.808101267435857
1339,7.81367991018816
1340,7.81925827164907
1341,7.82483635193316
1342,7.830414151154876
1343,7.835991669428535
1344,7.841568906868323
1345,7.847145863588304
1346,7.852722539702411
1347,7.85829893532445
1348,7.863875050568102
1349,7.869450885546919
1350,7.875026440374327
1351,7.880601715163628
1352,7.886176710027995
1353,7.891751425080478
1354,7.897325860433998
1355,7.902900016201355
1356,7.90847389249522
1357,7.914047489428142
1358,7.919620807112543
1359,7.925193845660723
1360,7.930766605184856
1361,7.936339085796994
1362,7.941911287609063
1363,7.947483210732867
1364,7.953054855280087
1365,7.9586262213622785
1366,7.964197309090879
1367,7.969768118577198
1368,7.975338649932427
1369,7.980908903267633
1370,7.986478878693761
1371,7.992048576321637
1372,7.997617996261963
1373,8.00318713862532
1374,8.008756003522167
1375,8.014324591062847
1376,8.019892901357577
1377,8.025460934516456
1378,8.031028690649462
1379,8.036596169866456
1380,8.042163372277175
1381,8.047730297991238
1382,8.053296947118149
1383,8.058863319767285
1384,8.064429416047911
1385,8.06999523606917
1386,8.075560779940087
1387,8.08112604776957
1388,8.08669103966641
1389,8.092255755739277
1390,8.097820196096723
1391,8.103384360847189
1392,8.10894825009899
1393,8.114511863960333
1394,8.1200752025393
1395,8.125638265943865
1396,8.131201054281876
1397,8.136763567661074
1398,8.14232580618908
1399,8.147887769973398
1400,8.153449459121418
1401,8.159010873740417
1402,8.164572013937555
1403,8.170132879819874
1404,8.175693471494307
1405,8.18125378906767
1406,8.186813832646664
1407,8.192373602337877
1408,8.197933098247784
1409,8.203492320482743
1410,8.209051269149002
1411,8.214609944352697
1412,8.220168346199845
1413,8.225726474796357
1414,8.231284330248027
1415,8.236841912660537
1416,8.24239922213946
1417,8.247956258790254
1418,8.253513022718264
1419,8.25906951402873
1420,8.264625732826769
1421,8.270181679217398
1422,8.27573735330552
1423,8.281292755195922
1424,8.286847884993287
1425,8.292402742802183
1426,8.29795732872707
1427,8.303511642872298
1428,8.309065685342105
1429,8.314619456240623
1430,8.32017295567187
1431,8.325726183739759
1432,8.33127914054809
1433,8.336831826200559
1434,8.34238424080075
1435,8.347936384452135
1436,8.353488257258086
1437,8.35903985932186
1438,8.36459119074661
1439,8.370142251635379
1440,8.375693042091102
1441,8.381243562216609
1442,8.386793812114622
1443,8.392343791887754
1444,8.397893501638514
1445,8.4034429414693
1446,8.40899211148241
1447,8.414541011780031
1448,8.420089642464244
1449,8.425638003637028
1450,8.43118609540025
1451,8.436733917855678
1452,8.44228147110497
1453,8.44782875524968
1454,8.453375770391258
1455,8.458922516631048
1456,8.464468994070291
1457,8.47001520281012
1458,8.47556114295157
1459,8.481106814595565
1460,8.486652217842929
1461,8.492197352794381
1462,8.497742219550537
1463,8.503286818211908
1464,8.508831148878906
1465,8.514375211651835
1466,8.519919006630898
1467,8.525462533916198
1468,8.531005793607731
1469,8.536548785805394
1470,8.542091510608978
1471,8.547633968118177
1472,8.55317615843258
1473,8.558718081651675
1474,8.564259737874847
1475,8.569801127201384
1476,8.575342249730468
1477,8.580883105561185
1478,8.586423694792515
1479,8.59196401752334
1480,8.597504073852441
1481,8.6030438638785
1482,8.608583387700099
1483,8.614122645415717
1484,8.619661637123736
1485,8.625200362922437
1486,8.630738822910002
1487,8.636277017184517
1488,8.641814945843961
1489,8.647352608986223
1490,8.652890006709088
1491,8.658427139110243
1492,8.663964006287276
1493,8.66950060833768
1494,8.675036945358848
1495,8.680573017448072
1496,8.686108824702552
1497,8.691644367219386
1498,8.697179645095575
1499,8.702714658428025
1500,8.708249407313543
1501,8.713783891848841
1502,8.719318112130532
1503,8.724852068255132
1504,8.730385760319061
1505,8.735919188418645
1506,8.741452352650112
1507,8.746985253109594
1508,8.752517889893127
1509,8.758050263096653
1510,8.763582372816016
1511,8.769114219146966
1512,8.774645802185155
1513,8.780177122026146
1514,8.785708178765402
1515,8.791238972498293
1516,8.796769503320096
1517,8.80229977132599
1518,8.807829776611062
1519,8.813359519270303
1520,8.818888999398615
1521,8.8244182170908
1522,8.82994717244157
1523,8.835475865545542
1524,8.84100429649724
1525,8.846532465391098
1526,8.85206037232145
1527,8.857588017382543
1528,8.86311540066853
1529,8.86864252227347
1530,8.874169382291331
1531,8.879695980815987
1532,8.88522231794122
1533,8.890748393760726
1534,8.8962742083681
1535,8.90179976185685
1536,8.907325054320392
1537,8.912850085852051
1538,8.91837485654506
1539,8.923899366492563
1540,8.929423615787611
1541,8.934947604523163
1542,8.94047133279209
1543,8.94599480068717
1544,8.951518008301095
1545,8.957040955726463
1546,8.96256364305578
1547,8.968086070381469
1548,8.973608237795858
1549,8.979130145391187
1550,8.984651793259603
1551,8.990173181493171
1552,8.995694310183861
1553,9.001215179423555
1554,9.006735789304047
1555,9.012256139917042
1556,9.017776231354157
1557,9.023296063706919
1558,9.028815637066769
1559,9.034334951525057
1560,9.039854007173048
1561,9.045372804101916
1562,9.05089134240275
1563,9.056409622166548
1564,9.061927643484225
1565,9.067445406446604
1566,9.072962911144424
1567,9.078480157668338
1568,9.083997146108906
1569,9.089513876556609
1570,9.095030349101837
1571,9.100546563834893
1572,9.106062520845995
1573,9.111578220225276
1574,9.11709366206278
1575,9.122608846448466
1576,9.12812377347221
1577,9.133638443223798
1578,9.139152855792934
1579,9.144667011269235
1580,9.15018090974223
1581,9.155694551301371
1582,9.161207936036016
1583,9.166721064035443
1584,9.172233935388842
1585,9.177746550185324
1586,9.183258908513908
1587,9.188771010463535
1588,9.19428285612306
1589,9.199794445581253
1590,9.2053057789268
1591,9.210816856248304
1592,9.216327677634283
1593,9.221838243173172
1594,9.227348552953325
1595,9.23285860706301
1596,9.238368405590412
1597,9.243877948623636
1598,9.2493872362507
1599,9.25489626855954
1600,9.260405045638011
1601,9.265913567573886
1602,9.271421834454852
1603,9.276929846368517
1604,9.282437603402409
1605,9.287945105643967
1606,9.293452353180554
1607,9.29895934609945
1608,9.304466084487851
1609,9.309972568432876
1610,9.315478798021559
1611,9.320984773340852
1612,9.32649049447763
1613,9.331995961518684
1614,9.337501174550725
1615,9.343006133660385
1616,9.34851083893421
1617,9.354015290458673
1618,9.35951948832016
1619,9.36502343260498
1620,9.370527123399363
1621,9.376030560789456
1622,9.381533744861327
1623,9.387036675700967
1624,9.392539353394284
1625,9.398041778027109
1626,9.40354394968519
1627,9.4090458684542
1628,9.414547534419732
1629,9.420048947667297
1630,9.42555010828233
1631,9.431051016350187
1632,9.436551671956146
1633,9.442052075185403
1634,9.44755222612308
1635,9.453052124854217
1636,9.458551771463778
1637,9.464051166036649
1638,9.469550308657638
1639,9.475049199411474
1640,9.480547838382808
1641,9.486046225656217
1642,9.491544361316196
1643,9.497042245447165
1644,9.502539878133469
1645,9.508037259459371
1646,9.513534389509061
1647,9.51903126836665
1648,9.524527896116172
1649,9.530024272841588
1650,9.535520398626778
1651,9.541016273555547
1652,9.546511897711627
1653,9.552007271178669
1654,9.557502394040249
1655,9.562997266379869
1656,9.568491888280954
1657,9.573986259826855
1658,9.579480381100845
1659,9.584974252186123
1660,9.590467873165812
1661,9.59596124412296
1662,9.601454365140539
1663,9.606947236301446
1664,9.612439857688507
1665,9.617932229384468
1666,9.623424351472003
1667,9.628916224033711
1668,9.634407847152115
1669,9.639899220909667
1670,9.645390345388742
1671,9.650881220671643
1672,9.656371846840596
1673,9.661862223977755
1674,9.667352352165201
1675,9.672842231484939
1676,9.678331862018904
1677,9.683821243848953
1678,9.689310377056874
1679,9.694799261724379
1680,9.700287897933107
1681,9.705776285764626
1682,9.71126442530043
1683,9.716752316621937
1684,9.7222399598105
1685,9.72772735494739
1686,9.733214502113814
1687,9.7387014013909
1688,9.744188052859707
1689,9.749674456601223
1690,9.755160612696361
1691,9.760646521225965
1692,9.766132182270804
1693,9.771617595911577
1694,9.777102762228912
1695,9.782587681303363
1696,9.788072353215417
1697,9.793556778045486
1698,9.799040955873911
1699,9.804524886780964
1700,9.810008570846843
1701,9.815492008151677
1702,9.820975198775526
1703,9.826458142798376
1704,9.831940840300144
1705,9.837423291360675
1706,9.842905496059748
1707,9.848387454477066
1708,9.853869166692267
1709,9.859350632784913
1710,9.864831852834504
1711,9.870312826920463
1712,9.875793555122145
1713,9.881274037518839
1714,9.88675427418976
1715,9.892234265214055
1716,9.897714010670803
1717,9.903193510639014
1718,9.908672765197624
1719,9.914151774425505
1720,9.91963053840146
1721,9.92510905720422
1722,9.93058733091245
1723,9.936065359604745
1724,9.941543143359633
1725,9.947020682255571
1726,9.95249797637095
1727,9.957975025784089
1728,9.963451830573245
1729,9.968928390816602
1730,9.974404706592278
1731,9.979880777978323
1732,9.985356605052718
1733,9.99083218789338
1734,9.996307526578153
1735,10.001782621184818
