tempo,altura
1,0.006366197723675813
2,0.012732395447351627
3,0.01909859317102744
4,0.025464790894703253
5,0.03183098861837907
6,0.03819718634205488
7,0.04456338406573069
8,0.0509295817894065
9,0.05729577951308231
10,0.06366197723675812
11,0.07002817496043394
12,0.07639437268410976
13,0.08276057040778557
14,0.08912676813146139
15,0.09549296585513721
16,0.10185916357881303
17,0.10822536130248885
18,0.11459155902616466
19,0.12095775674984048
20,0.1273239544735163
21,0.1336901521971921
22,0.1400563499208679
23,0.1464225476445437
24,0.15278874536821951
25,0.15915494309189532
26,0.16552114081557112
27,0.17188733853924693
28,0.17825353626292273
29,0.18461973398659853
30,0.19098593171027434
31,0.19735212943395014
32,0.20371832715762594
33,0.21008452488130175
34,0.21645072260497755
35,0.22281692032865336
36,0.22918311805232916
37,0.23554931577600496
38,0.24191551349968077
39,0.24828171122335657
40,0.2546479089470324
41,0.2610141066707082
42,0.267380304394384
43,0.2737465021180598
44,0.2801126998417356
45,0.2864788975654114
46,0.2928450952890872
47,0.299211293012763
48,0.3055774907364388
49,0.3119436884601146
50,0.3183098861837904
51,0.3246760839074662
52,0.331042281631142
53,0.3374084793548178
54,0.34377467707849363
55,0.35014087480216943
56,0.35650707252584524
57,0.36287327024952104
58,0.36923946797319684
59,0.37560566569687265
60,0.38197186342054845
61,0.38833806114422426
62,0.39470425886790006
63,0.40107045659157586
64,0.40743665431525167
65,0.41380285203892747
66,0.4201690497626033
67,0.4265352474862791
68,0.4329014452099549
69,0.4392676429336307
70,0.4456338406573065
71,0.4520000383809823
72,0.4583662361046581
73,0.4647324338283339
74,0.4710986315520097
75,0.4774648292756855
76,0.4838310269993613
77,0.4901972247230371
78,0.4965634224467129
79,0.5029296201703888
80,0.5092958178940646
81,0.5156620156177405
82,0.5220282133414164
83,0.5283944110650922
84,0.5347606087887681
85,0.5411268065124439
86,0.5474930042361198
87,0.5538592019597957
88,0.5602253996834715
89,0.5665915974071474
90,0.5729577951308232
91,0.5793239928544991
92,0.585690190578175
93,0.5920563883018508
94,0.5984225860255267
95,0.6047887837492025
96,0.6111549814728784
97,0.6175211791965542
98,0.6238873769202301
99,0.630253574643906
100,0.6366197723675818
101,0.6429859700912577
102,0.6493521678149335
103,0.6557183655386094
104,0.6620845632622853
105,0.6684507609859611
106,0.674816958709637
107,0.6811831564333128
108,0.6875493541569887
109,0.6939155518806646
110,0.7002817496043404
111,0.7066479473280163
112,0.7130141450516921
113,0.719380342775368
114,0.7257465404990439
115,0.7321127382227197
116,0.7384789359463956
117,0.7448451336700714
118,0.7512113313937473
119,0.7575775291174232
120,0.763943726841099
121,0.7703099245647749
122,0.7766761222884507
123,0.7830423200121266
124,0.7894085177358025
125,0.7957747154594783
126,0.8021409131831542
127,0.80850711090683
128,0.8148733086305059
129,0.8212395063541817
130,0.8276057040778576
131,0.8339719018015335
132,0.8403380995252093
133,0.8467042972488852
134,0.853070494972561
135,0.8594366926962369
136,0.8658028904199128
137,0.8721690881435886
138,0.8785352858672645
139,0.8849014835909403
140,0.8912676813146162
141,0.8976338790382921
142,0.9040000767619679
143,0.9103662744856438
144,0.9167324722093196
145,0.9230986699329955
146,0.9294648676566714
147,0.9358310653803472
148,0.9421972631040231
149,0.9485634608276989
150,0.9549296585513748
151,0.9612958562750507
152,0.9676620539987265
153,0.9740282517224024
154,0.9803944494460782
155,0.9867606471697541
156,0.99312684489343
157,0.9994930426171058
158,1.0058592403407816
159,1.0122254380644573
160,1.018591635788133
161,1.0249578335118088
162,1.0313240312354846
163,1.0376902289591603
164,1.044056426682836
165,1.0504226244065118
166,1.0567888221301875
167,1.0631550198538633
168,1.069521217577539
169,1.0758874153012148
170,1.0822536130248905
171,1.0886198107485663
172,1.094986008472242
173,1.1013522061959178
174,1.1077184039195935
175,1.1140846016432693
176,1.120450799366945
177,1.1268169970906208
178,1.1331831948142965
179,1.1395493925379723
180,1.145915590261648
181,1.1522817879853238
182,1.1586479857089995
183,1.1650141834326753
184,1.171380381156351
185,1.1777465788800268
186,1.1841127766037025
187,1.1904789743273783
188,1.196845172051054
189,1.2032113697747298
190,1.2095775674984055
191,1.2159437652220813
192,1.222309962945757
193,1.2286761606694327
194,1.2350423583931085
195,1.2414085561167842
196,1.24777475384046
197,1.2541409515641357
198,1.2605071492878115
199,1.2668733470114872
200,1.273239544735163
201,1.2796057424588387
202,1.2859719401825145
203,1.2923381379061902
204,1.298704335629866
205,1.3050705333535417
206,1.3114367310772175
207,1.3178029288008932
208,1.324169126524569
209,1.3305353242482447
210,1.3369015219719205
211,1.3432677196955962
212,1.349633917419272
213,1.3560001151429477
214,1.3623663128666235
215,1.3687325105902992
216,1.375098708313975
217,1.3814649060376507
218,1.3878311037613265
219,1.3941973014850022
220,1.400563499208678
221,1.4069296969323537
222,1.4132958946560294
223,1.4196620923797052
224,1.426028290103381
225,1.4323944878270567
226,1.4387606855507324
227,1.4451268832744082
228,1.451493080998084
229,1.4578592787217597
230,1.4642254764454354
231,1.4705916741691112
232,1.476957871892787
233,1.4833240696164627
234,1.4896902673401384
235,1.4960564650638142
236,1.50242266278749
237,1.5087888605111657
238,1.5151550582348414
239,1.5215212559585172
240,1.527887453682193
241,1.5342536514058687
242,1.5406198491295444
243,1.5469860468532202
244,1.553352244576896
245,1.5597184423005717
246,1.5660846400242474
247,1.5724508377479232
248,1.578817035471599
249,1.5851832331952747
250,1.5915494309189504
251,1.5979156286426262
252,1.604281826366302
253,1.6106480240899776
254,1.6170142218136534
255,1.6233804195373291
256,1.629746617261005
257,1.6361128149846806
258,1.6424790127083564
259,1.6488452104320321
260,1.6552114081557079
261,1.6615776058793836
262,1.6679438036030594
263,1.6743100013267351
264,1.6806761990504109
265,1.6870423967740866
266,1.6934085944977624
267,1.6997747922214381
268,1.7061409899451139
269,1.7125071876687896
270,1.7188733853924654
271,1.7252395831161411
272,1.7316057808398169
273,1.7379719785634926
274,1.7443381762871684
275,1.750704374010844
276,1.7570705717345199
277,1.7634367694581956
278,1.7698029671818714
279,1.776169164905547
280,1.7825353626292229
281,1.7889015603528986
282,1.7952677580765743
283,1.80163395580025
284,1.8080001535239258
285,1.8143663512476016
286,1.8207325489712773
287,1.827098746694953
288,1.8334649444186288
289,1.8398311421423046
290,1.8461973398659803
291,1.852563537589656
292,1.8589297353133318
293,1.8652959330370076
294,1.8716621307606833
295,1.878028328484359
296,1.8843945262080348
297,1.8907607239317106
298,1.8971269216553863
299,1.903493119379062
300,1.9098593171027378
301,1.9162255148264136
302,1.9225917125500893
303,1.928957910273765
304,1.9353241079974408
305,1.9416903057211166
306,1.9480565034447923
307,1.954422701168468
308,1.9607888988921438
309,1.9671550966158196
310,1.9735212943394953
311,1.979887492063171
312,1.9862536897868468
313,1.9926198875105225
314,1.9989860852341983
315,2.0053522829578743
316,2.0117184806815502
317,2.018084678405226
318,2.024450876128902
319,2.030817073852578
320,2.037183271576254
321,2.04354946929993
322,2.049915667023606
323,2.056281864747282
324,2.062648062470958
325,2.069014260194634
326,2.07538045791831
327,2.081746655641986
328,2.088112853365662
329,2.094479051089338
330,2.100845248813014
331,2.10721144653669
332,2.1135776442603658
333,2.1199438419840417
334,2.1263100397077177
335,2.1326762374313937
336,2.1390424351550696
337,2.1454086328787456
338,2.1517748306024216
339,2.1581410283260976
340,2.1645072260497735
341,2.1708734237734495
342,2.1772396214971255
343,2.1836058192208014
344,2.1899720169444774
345,2.1963382146681534
346,2.2027044123918293
347,2.2090706101155053
348,2.2154368078391813
349,2.2218030055628573
350,2.2281692032865332
351,2.234535401010209
352,2.240901598733885
353,2.247267796457561
354,2.253633994181237
355,2.260000191904913
356,2.266366389628589
357,2.272732587352265
358,2.279098785075941
359,2.285464982799617
360,2.291831180523293
361,2.298197378246969
362,2.304563575970645
363,2.310929773694321
364,2.317295971417997
365,2.323662169141673
366,2.3300283668653488
367,2.3363945645890247
368,2.3427607623127007
369,2.3491269600363767
370,2.3554931577600526
371,2.3618593554837286
372,2.3682255532074046
373,2.3745917509310805
374,2.3809579486547565
375,2.3873241463784325
376,2.3936903441021085
377,2.4000565418257844
378,2.4064227395494604
379,2.4127889372731364
380,2.4191551349968123
381,2.4255213327204883
382,2.4318875304441643
383,2.4382537281678403
384,2.444619925891516
385,2.450986123615192
386,2.457352321338868
387,2.463718519062544
388,2.47008471678622
389,2.476450914509896
390,2.482817112233572
391,2.489183309957248
392,2.495549507680924
393,2.5019157054046
394,2.508281903128276
395,2.514648100851952
396,2.521014298575628
397,2.527380496299304
398,2.53374669402298
399,2.5401128917466558
400,2.5464790894703317
401,2.5528452871940077
402,2.5592114849176837
403,2.5655776826413597
404,2.5719438803650356
405,2.5783100780887116
406,2.5846762758123876
407,2.5910424735360635
408,2.5974086712597395
409,2.6037748689834155
410,2.6101410667070915
411,2.6165072644307674
412,2.6228734621544434
413,2.6292396598781194
414,2.6356058576017953
415,2.6419720553254713
416,2.6483382530491473
417,2.6547044507728232
418,2.661070648496499
419,2.667436846220175
420,2.673803043943851
421,2.680169241667527
422,2.686535439391203
423,2.692901637114879
424,2.699267834838555
425,2.705634032562231
426,2.712000230285907
427,2.718366428009583
428,2.724732625733259
429,2.731098823456935
430,2.737465021180611
431,2.743831218904287
432,2.750197416627963
433,2.7565636143516388
434,2.7629298120753147
435,2.7692960097989907
436,2.7756622075226667
437,2.7820284052463427
438,2.7883946029700186
439,2.7947608006936946
440,2.8011269984173706
441,2.8074931961410465
442,2.8138593938647225
443,2.8202255915883985
444,2.8265917893120744
445,2.8329579870357504
446,2.8393241847594264
447,2.8456903824831024
448,2.8520565802067783
449,2.8584227779304543
450,2.8647889756541303
451,2.8711551733778062
452,2.877521371101482
453,2.883887568825158
454,2.890253766548834
455,2.89661996427251
456,2.902986161996186
457,2.909352359719862
458,2.915718557443538
459,2.922084755167214
460,2.92845095289089
461,2.934817150614566
462,2.941183348338242
463,2.947549546061918
464,2.953915743785594
465,2.96028194150927
466,2.966648139232946
467,2.9730143369566218
468,2.9793805346802977
469,2.9857467324039737
470,2.9921129301276497
471,2.9984791278513256
472,3.0048453255750016
473,3.0112115232986776
474,3.0175777210223536
475,3.0239439187460295
476,3.0303101164697055
477,3.0366763141933815
478,3.0430425119170574
479,3.0494087096407334
480,3.0557749073644094
481,3.0621411050880853
482,3.0685073028117613
483,3.0748735005354373
484,3.0812396982591133
485,3.0876058959827892
486,3.093972093706465
487,3.100338291430141
488,3.106704489153817
489,3.113070686877493
490,3.119436884601169
491,3.125803082324845
492,3.132169280048521
493,3.138535477772197
494,3.144901675495873
495,3.151267873219549
496,3.157634070943225
497,3.164000268666901
498,3.170366466390577
499,3.176732664114253
500,3.183098861837929
501,3.1894650595616048
502,3.1958312572852807
503,3.2021974550089567
504,3.2085636527326327
505,3.2149298504563086
506,3.2212960481799846
507,3.2276622459036606
508,3.2340284436273365
509,3.2403946413510125
510,3.2467608390746885
511,3.2531270367983645
512,3.2594932345220404
513,3.2658594322457164
514,3.2722256299693924
515,3.2785918276930683
516,3.2849580254167443
517,3.2913242231404203
518,3.2976904208640963
519,3.304056618587772
520,3.310422816311448
521,3.316789014035124
522,3.3231552117588
523,3.329521409482476
524,3.335887607206152
525,3.342253804929828
526,3.348620002653504
527,3.35498620037718
528,3.361352398100856
529,3.367718595824532
530,3.374084793548208
531,3.380450991271884
532,3.38681718899556
533,3.393183386719236
534,3.3995495844429118
535,3.4059157821665877
536,3.4122819798902637
537,3.4186481776139397
538,3.4250143753376157
539,3.4313805730612916
540,3.4377467707849676
541,3.4441129685086436
542,3.4504791662323195
543,3.4568453639559955
544,3.4632115616796715
545,3.4695777594033475
546,3.4759439571270234
547,3.4823101548506994
548,3.4886763525743754
549,3.4950425502980513
550,3.5014087480217273
551,3.5077749457454033
552,3.5141411434690792
553,3.520507341192755
554,3.526873538916431
555,3.533239736640107
556,3.539605934363783
557,3.545972132087459
558,3.552338329811135
559,3.558704527534811
560,3.565070725258487
561,3.571436922982163
562,3.577803120705839
563,3.584169318429515
564,3.590535516153191
565,3.596901713876867
566,3.603267911600543
567,3.609634109324219
568,3.6160003070478948
569,3.6223665047715707
570,3.6287327024952467
571,3.6350989002189227
572,3.6414650979425986
573,3.6478312956662746
574,3.6541974933899506
575,3.6605636911136266
576,3.6669298888373025
577,3.6732960865609785
578,3.6796622842846545
579,3.6860284820083304
580,3.6923946797320064
581,3.6987608774556824
582,3.7051270751793584
583,3.7114932729030343
584,3.7178594706267103
585,3.7242256683503863
586,3.7305918660740622
587,3.736958063797738
588,3.743324261521414
589,3.74969045924509
590,3.756056656968766
591,3.762422854692442
592,3.768789052416118
593,3.775155250139794
594,3.78152144786347
595,3.787887645587146
596,3.794253843310822
597,3.800620041034498
598,3.806986238758174
599,3.81335243648185
600,3.819718634205526
601,3.826084831929202
602,3.8324510296528778
603,3.8388172273765537
604,3.8451834251002297
605,3.8515496228239057
606,3.8579158205475816
607,3.8642820182712576
608,3.8706482159949336
609,3.8770144137186096
610,3.8833806114422855
611,3.8897468091659615
612,3.8961130068896375
613,3.9024792046133134
614,3.9088454023369894
615,3.9152116000606654
616,3.9215777977843413
617,3.9279439955080173
618,3.9343101932316933
619,3.9406763909553693
620,3.9470425886790452
621,3.953408786402721
622,3.959774984126397
623,3.966141181850073
624,3.972507379573749
625,3.978873577297425
626,3.985239775021101
627,3.991605972744777
628,3.997972170468453
629,4.004338368192129
630,4.0107045659158045
631,4.01707076363948
632,4.0234369613631555
633,4.029803159086831
634,4.036169356810507
635,4.042535554534182
636,4.048901752257858
637,4.055267949981533
638,4.061634147705209
639,4.068000345428884
640,4.07436654315256
641,4.080732740876235
642,4.087098938599911
643,4.093465136323586
644,4.099831334047262
645,4.106197531770937
646,4.112563729494613
647,4.118929927218288
648,4.125296124941964
649,4.1316623226656395
650,4.138028520389315
651,4.1443947181129905
652,4.150760915836666
653,4.157127113560342
654,4.163493311284017
655,4.169859509007693
656,4.176225706731368
657,4.182591904455044
658,4.188958102178719
659,4.195324299902395
660,4.20169049762607
661,4.208056695349746
662,4.214422893073421
663,4.220789090797097
664,4.227155288520772
665,4.233521486244448
666,4.239887683968123
667,4.246253881691799
668,4.2526200794154745
669,4.25898627713915
670,4.2653524748628255
671,4.271718672586501
672,4.278084870310177
673,4.284451068033852
674,4.290817265757528
675,4.297183463481203
676,4.303549661204879
677,4.309915858928554
678,4.31628205665223
679,4.322648254375905
680,4.329014452099581
681,4.335380649823256
682,4.341746847546932
683,4.348113045270607
684,4.354479242994283
685,4.360845440717958
686,4.367211638441634
687,4.3735778361653095
688,4.379944033888985
689,4.3863102316126605
690,4.392676429336336
691,4.399042627060012
692,4.405408824783687
693,4.411775022507363
694,4.418141220231038
695,4.424507417954714
696,4.430873615678389
697,4.437239813402065
698,4.44360601112574
699,4.449972208849416
700,4.456338406573091
701,4.462704604296767
702,4.469070802020442
703,4.475436999744118
704,4.481803197467793
705,4.488169395191469
706,4.4945355929151445
707,4.50090179063882
708,4.5072679883624955
709,4.513634186086171
710,4.520000383809847
711,4.526366581533522
712,4.532732779257198
713,4.539098976980873
714,4.545465174704549
715,4.551831372428224
716,4.5581975701519
717,4.564563767875575
718,4.570929965599251
719,4.577296163322926
720,4.583662361046602
721,4.590028558770277
722,4.596394756493953
723,4.602760954217628
724,4.609127151941304
725,4.6154933496649795
726,4.621859547388655
727,4.6282257451123305
728,4.634591942836006
729,4.640958140559682
730,4.647324338283357
731,4.653690536007033
732,4.660056733730708
733,4.666422931454384
734,4.672789129178059
735,4.679155326901735
736,4.68552152462541
737,4.691887722349086
738,4.698253920072761
739,4.704620117796437
740,4.710986315520112
741,4.717352513243788
742,4.723718710967463
743,4.730084908691139
744,4.7364511064148145
745,4.74281730413849
746,4.7491835018621655
747,4.755549699585841
748,4.761915897309517
749,4.768282095033192
750,4.774648292756868
751,4.781014490480543
752,4.787380688204219
753,4.793746885927894
754,4.80011308365157
755,4.806479281375245
756,4.812845479098921
757,4.819211676822596
758,4.825577874546272
759,4.831944072269947
760,4.838310269993623
761,4.844676467717298
762,4.851042665440974
763,4.8574088631646495
764,4.863775060888325
765,4.8701412586120005
766,4.876507456335676
767,4.882873654059352
768,4.889239851783027
769,4.895606049506703
770,4.901972247230378
771,4.908338444954054
772,4.914704642677729
773,4.921070840401405
774,4.92743703812508
775,4.933803235848756
776,4.940169433572431
777,4.946535631296107
778,4.952901829019782
779,4.959268026743458
780,4.965634224467133
781,4.972000422190809
782,4.9783666199144845
783,4.98473281763816
784,4.9910990153618355
785,4.997465213085511
786,5.003831410809187
787,5.010197608532862
788,5.016563806256538
789,5.022930003980213
790,5.029296201703889
791,5.035662399427564
792,5.04202859715124
793,5.048394794874915
794,5.054760992598591
795,5.061127190322266
796,5.067493388045942
797,5.073859585769617
798,5.080225783493293
799,5.086591981216968
800,5.092958178940644
801,5.0993243766643195
802,5.105690574387995
803,5.1120567721116705
804,5.118422969835346
805,5.124789167559022
806,5.131155365282697
807,5.137521563006373
808,5.143887760730048
809,5.150253958453724
810,5.156620156177399
811,5.162986353901075
812,5.16935255162475
813,5.175718749348426
814,5.182084947072101
815,5.188451144795777
816,5.194817342519452
817,5.201183540243128
818,5.207549737966803
819,5.213915935690479
820,5.2202821334141545
821,5.22664833113783
822,5.2330145288615055
823,5.239380726585181
824,5.245746924308857
825,5.252113122032532
826,5.258479319756208
827,5.264845517479883
828,5.271211715203559
829,5.277577912927234
830,5.28394411065091
831,5.290310308374585
832,5.296676506098261
833,5.303042703821936
834,5.309408901545612
835,5.315775099269287
836,5.322141296992963
837,5.328507494716638
838,5.334873692440314
839,5.3412398901639895
840,5.347606087887665
841,5.3539722856113405
842,5.360338483335016
843,5.366704681058692
844,5.373070878782367
845,5.379437076506043
846,5.385803274229718
847,5.392169471953394
848,5.398535669677069
849,5.404901867400745
850,5.41126806512442
851,5.417634262848096
852,5.424000460571771
853,5.430366658295447
854,5.436732856019122
855,5.443099053742798
856,5.449465251466473
857,5.455831449190149
858,5.4621976469138245
859,5.4685638446375
860,5.4749300423611755
861,5.481296240084851
862,5.487662437808527
863,5.494028635532202
864,5.500394833255878
865,5.506761030979553
866,5.513127228703229
867,5.519493426426904
868,5.52585962415058
869,5.532225821874255
870,5.538592019597931
871,5.544958217321606
872,5.551324415045282
873,5.557690612768957
874,5.564056810492633
875,5.570423008216308
876,5.576789205939984
877,5.5831554036636595
878,5.589521601387335
879,5.5958877991110105
880,5.602253996834686
881,5.608620194558362
882,5.614986392282037
883,5.621352590005713
884,5.627718787729388
885,5.634084985453064
886,5.640451183176739
887,5.646817380900415
888,5.65318357862409
889,5.659549776347766
890,5.665915974071441
891,5.672282171795117
892,5.678648369518792
893,5.685014567242468
894,5.691380764966143
895,5.697746962689819
896,5.7041131604134945
897,5.71047935813717
898,5.7168455558608455
899,5.723211753584521
900,5.729577951308197
901,5.735944149031872
902,5.742310346755548
903,5.748676544479223
904,5.755042742202899
905,5.761408939926574
906,5.76777513765025
907,5.774141335373925
908,5.780507533097601
909,5.786873730821276
910,5.793239928544952
911,5.799606126268627
912,5.805972323992303
913,5.812338521715978
914,5.818704719439654
915,5.8250709171633295
916,5.831437114887005
917,5.8378033126106805
918,5.844169510334356
919,5.850535708058032
920,5.856901905781707
921,5.863268103505383
922,5.869634301229058
923,5.876000498952734
924,5.882366696676409
925,5.888732894400085
926,5.89509909212376
927,5.901465289847436
928,5.907831487571111
929,5.914197685294787
930,5.920563883018462
931,5.926930080742138
932,5.933296278465813
933,5.939662476189489
934,5.9460286739131645
935,5.95239487163684
936,5.9587610693605155
937,5.965127267084191
938,5.971493464807867
939,5.977859662531542
940,5.984225860255218
941,5.990592057978893
942,5.996958255702569
943,6.003324453426244
944,6.00969065114992
945,6.016056848873595
946,6.022423046597271
947,6.028789244320946
948,6.035155442044622
949,6.041521639768297
950,6.047887837491973
951,6.054254035215648
952,6.060620232939324
953,6.0669864306629995
954,6.073352628386675
955,6.0797188261103505
956,6.086085023834026
957,6.092451221557702
958,6.098817419281377
959,6.105183617005053
960,6.111549814728728
961,6.117916012452404
962,6.124282210176079
963,6.130648407899755
964,6.13701460562343
965,6.143380803347106
966,6.149747001070781
967,6.156113198794457
968,6.162479396518132
969,6.168845594241808
970,6.175211791965483
971,6.181577989689159
972,6.1879441874128345
973,6.19431038513651
974,6.2006765828601855
975,6.207042780583861
976,6.213408978307537
977,6.219775176031212
978,6.226141373754888
979,6.232507571478563
980,6.238873769202239
981,6.245239966925914
982,6.25160616464959
983,6.257972362373265
984,6.264338560096941
985,6.270704757820616
986,6.277070955544292
987,6.283437153267967
988,6.289803350991643
989,6.296169548715318
990,6.302535746438994
991,6.3089019441626695
992,6.315268141886345
993,6.3216343396100205
994,6.328000537333696
995,6.334366735057372
996,6.340732932781047
997,6.347099130504723
998,6.353465328228398
999,6.359831525952074
1000,6.366197723675749
1001,6.372563921399425
1002,6.3789301191231
1003,6.385296316846776
1004,6.391662514570451
1005,6.398028712294127
1006,6.404394910017802
1007,6.410761107741478
1008,6.417127305465153
1009,6.423493503188829
1010,6.4298597009125045
1011,6.43622589863618
1012,6.4425920963598555
1013,6.448958294083531
1014,6.455324491807207
1015,6.461690689530882
1016,6.468056887254558
1017,6.474423084978233
1018,6.480789282701909
1019,6.487155480425584
1020,6.49352167814926
1021,6.499887875872935
1022,6.506254073596611
1023,6.512620271320286
1024,6.518986469043962
1025,6.525352666767637
1026,6.531718864491313
1027,6.538085062214988
1028,6.544451259938664
1029,6.5508174576623395
1030,6.557183655386015
1031,6.5635498531096905
1032,6.569916050833366
1033,6.576282248557042
1034,6.582648446280717
1035,6.589014644004393
1036,6.595380841728068
1037,6.601747039451744
1038,6.608113237175419
1039,6.614479434899095
1040,6.62084563262277
1041,6.627211830346446
1042,6.633578028070121
1043,6.639944225793797
1044,6.646310423517472
1045,6.652676621241148
1046,6.659042818964823
1047,6.665409016688499
1048,6.6717752144121745
1049,6.67814141213585
1050,6.6845076098595255
1051,6.690873807583201
1052,6.697240005306877
1053,6.703606203030552
1054,6.709972400754228
1055,6.716338598477903
1056,6.722704796201579
1057,6.729070993925254
1058,6.73543719164893
1059,6.741803389372605
1060,6.748169587096281
1061,6.754535784819956
1062,6.760901982543632
1063,6.767268180267307
1064,6.773634377990983
1065,6.780000575714658
1066,6.786366773438334
1067,6.7927329711620095
1068,6.799099168885685
1069,6.8054653666093605
1070,6.811831564333036
1071,6.818197762056712
1072,6.824563959780387
1073,6.830930157504063
1074,6.837296355227738
1075,6.843662552951414
1076,6.850028750675089
1077,6.856394948398765
1078,6.86276114612244
1079,6.869127343846116
1080,6.875493541569791
1081,6.881859739293467
1082,6.888225937017142
1083,6.894592134740818
1084,6.900958332464493
1085,6.907324530188169
1086,6.9136907279118445
1087,6.92005692563552
1088,6.9264231233591955
1089,6.932789321082871
1090,6.939155518806547
1091,6.945521716530222
1092,6.951887914253898
1093,6.958254111977573
1094,6.964620309701249
1095,6.970986507424924
1096,6.9773527051486
1097,6.983718902872275
1098,6.990085100595951
1099,6.996451298319626
1100,7.002817496043302
1101,7.009183693766977
1102,7.015549891490653
1103,7.021916089214328
1104,7.028282286938004
1105,7.0346484846616795
1106,7.041014682385355
1107,7.0473808801090305
1108,7.053747077832706
1109,7.060113275556382
1110,7.066479473280057
1111,7.072845671003733
1112,7.079211868727408
1113,7.085578066451084
1114,7.091944264174759
1115,7.098310461898435
1116,7.10467665962211
1117,7.111042857345786
1118,7.117409055069461
1119,7.123775252793137
1120,7.130141450516812
1121,7.136507648240488
1122,7.142873845964163
1123,7.149240043687839
1124,7.1556062414115145
1125,7.16197243913519
1126,7.1683386368588655
1127,7.174704834582541
1128,7.181071032306217
1129,7.187437230029892
1130,7.193803427753568
1131,7.200169625477243
1132,7.206535823200919
1133,7.212902020924594
1134,7.21926821864827
1135,7.225634416371945
1136,7.232000614095621
1137,7.238366811819296
1138,7.244733009542972
1139,7.251099207266647
1140,7.257465404990323
1141,7.263831602713998
1142,7.270197800437674
1143,7.2765639981613495
1144,7.282930195885025
1145,7.2892963936087005
1146,7.295662591332376
1147,7.302028789056052
1148,7.308394986779727
1149,7.314761184503403
1150,7.321127382227078
1151,7.327493579950754
1152,7.333859777674429
1153,7.340225975398105
1154,7.34659217312178
1155,7.352958370845456
1156,7.359324568569131
1157,7.365690766292807
1158,7.372056964016482
1159,7.378423161740158
1160,7.384789359463833
1161,7.391155557187509
1162,7.3975217549111845
1163,7.40388795263486
1164,7.4102541503585355
1165,7.416620348082211
1166,7.422986545805887
1167,7.429352743529562
1168,7.435718941253238
1169,7.442085138976913
1170,7.448451336700589
1171,7.454817534424264
1172,7.46118373214794
1173,7.467549929871615
1174,7.473916127595291
1175,7.480282325318966
1176,7.486648523042642
1177,7.493014720766317
1178,7.499380918489993
1179,7.505747116213668
1180,7.512113313937344
1181,7.5184795116610195
1182,7.524845709384695
1183,7.5312119071083705
1184,7.537578104832046
1185,7.543944302555722
1186,7.550310500279397
1187,7.556676698003073
1188,7.563042895726748
1189,7.569409093450424
1190,7.575775291174099
1191,7.582141488897775
1192,7.58850768662145
1193,7.594873884345126
1194,7.601240082068801
1195,7.607606279792477
1196,7.613972477516152
1197,7.620338675239828
1198,7.626704872963503
1199,7.633071070687179
1200,7.6394372684108545
1201,7.64580346613453
1202,7.6521696638582055
1203,7.658535861581881
1204,7.664902059305557
1205,7.671268257029232
1206,7.677634454752908
1207,7.684000652476583
1208,7.690366850200259
1209,7.696733047923934
1210,7.70309924564761
1211,7.709465443371285
1212,7.715831641094961
1213,7.722197838818636
1214,7.728564036542312
1215,7.734930234265987
1216,7.741296431989663
1217,7.747662629713338
1218,7.754028827437014
1219,7.7603950251606895
1220,7.766761222884365
1221,7.7731274206080405
1222,7.779493618331716
1223,7.785859816055392
1224,7.792226013779067
1225,7.798592211502743
1226,7.804958409226418
1227,7.811324606950094
1228,7.817690804673769
1229,7.824057002397445
1230,7.83042320012112
1231,7.836789397844796
1232,7.843155595568471
1233,7.849521793292147
1234,7.855887991015822
1235,7.862254188739498
1236,7.868620386463173
1237,7.874986584186849
1238,7.8813527819105245
1239,7.8877189796342
1240,7.8940851773578755
1241,7.900451375081551
1242,7.906817572805227
1243,7.913183770528902
1244,7.919549968252578
1245,7.925916165976253
1246,7.932282363699929
1247,7.938648561423604
1248,7.94501475914728
1249,7.951380956870955
1250,7.957747154594631
1251,7.964113352318306
1252,7.970479550041982
1253,7.976845747765657
1254,7.983211945489333
1255,7.989578143213008
1256,7.995944340936684
1257,8.00231053866036
1258,8.008676736384036
1259,8.015042934107711
1260,8.021409131831387
1261,8.027775329555062
1262,8.034141527278738
1263,8.040507725002414
1264,8.046873922726089
1265,8.053240120449765
1266,8.05960631817344
1267,8.065972515897116
1268,8.072338713620791
1269,8.078704911344467
1270,8.085071109068142
1271,8.091437306791818
1272,8.097803504515493
1273,8.104169702239169
1274,8.110535899962844
1275,8.11690209768652
1276,8.123268295410195
1277,8.12963449313387
1278,8.136000690857546
1279,8.142366888581222
1280,8.148733086304897
1281,8.155099284028573
1282,8.161465481752249
1283,8.167831679475924
1284,8.1741978771996
1285,8.180564074923275
1286,8.18693027264695
1287,8.193296470370626
1288,8.199662668094302
1289,8.206028865817977
1290,8.212395063541653
1291,8.218761261265328
1292,8.225127458989004
1293,8.23149365671268
1294,8.237859854436355
1295,8.24422605216003
1296,8.250592249883706
1297,8.256958447607381
1298,8.263324645331057
1299,8.269690843054732
1300,8.276057040778408
1301,8.282423238502084
1302,8.288789436225759
1303,8.295155633949435
1304,8.30152183167311
1305,8.307888029396786
1306,8.314254227120461
1307,8.320620424844137
1308,8.326986622567812
1309,8.333352820291488
1310,8.339719018015163
1311,8.346085215738839
1312,8.352451413462514
1313,8.35881761118619
1314,8.365183808909865
1315,8.37155000663354
1316,8.377916204357216
1317,8.384282402080892
1318,8.390648599804567
1319,8.397014797528243
1320,8.403380995251919
1321,8.409747192975594
1322,8.41611339069927
1323,8.422479588422945
1324,8.42884578614662
1325,8.435211983870296
1326,8.441578181593972
1327,8.447944379317647
1328,8.454310577041323
1329,8.460676774764998
1330,8.467042972488674
1331,8.47340917021235
1332,8.479775367936025
1333,8.4861415656597
1334,8.492507763383376
1335,8.498873961107051
1336,8.505240158830727
1337,8.511606356554402
1338,8.517972554278078
1339,8.524338752001754
1340,8.530704949725429
1341,8.537071147449105
1342,8.54343734517278
1343,8.549803542896456
1344,8.556169740620131
1345,8.562535938343807
1346,8.568902136067482
1347,8.575268333791158
1348,8.581634531514833
1349,8.588000729238509
1350,8.594366926962184
1351,8.60073312468586
1352,8.607099322409535
1353,8.61346552013321
1354,8.619831717856886
1355,8.626197915580562
1356,8.632564113304237
1357,8.638930311027913
1358,8.645296508751589
1359,8.651662706475264
1360,8.65802890419894
1361,8.664395101922615
1362,8.67076129964629
1363,8.677127497369966
1364,8.683493695093642
1365,8.689859892817317
1366,8.696226090540993
1367,8.702592288264668
1368,8.708958485988344
1369,8.71532468371202
1370,8.721690881435695
1371,8.72805707915937
1372,8.734423276883046
1373,8.740789474606721
1374,8.747155672330397
1375,8.753521870054072
1376,8.759888067777748
1377,8.766254265501424
1378,8.772620463225099
1379,8.778986660948775
1380,8.78535285867245
1381,8.791719056396126
1382,8.798085254119801
1383,8.804451451843477
1384,8.810817649567152
1385,8.817183847290828
1386,8.823550045014503
1387,8.829916242738179
1388,8.836282440461854
1389,8.84264863818553
1390,8.849014835909205
1391,8.85538103363288
1392,8.861747231356556
1393,8.868113429080232
1394,8.874479626803907
1395,8.880845824527583
1396,8.887212022251259
1397,8.893578219974934
1398,8.89994441769861
1399,8.906310615422285
1400,8.91267681314596
1401,8.919043010869636
1402,8.925409208593312
1403,8.931775406316987
1404,8.938141604040663
1405,8.944507801764338
1406,8.950873999488014
1407,8.95724019721169
1408,8.963606394935365
1409,8.96997259265904
1410,8.976338790382716
1411,8.982704988106391
1412,8.989071185830067
1413,8.995437383553742
1414,9.001803581277418
1415,9.008169779001094
1416,9.014535976724769
1417,9.020902174448445
1418,9.02726837217212
1419,9.033634569895796
1420,9.040000767619471
1421,9.046366965343147
1422,9.052733163066822
1423,9.059099360790498
1424,9.065465558514173
1425,9.071831756237849
1426,9.078197953961524
1427,9.0845641516852
1428,9.090930349408875
1429,9.09729654713255
1430,9.103662744856226
1431,9.110028942579902
1432,9.116395140303577
1433,9.122761338027253
1434,9.129127535750929
1435,9.135493733474604
1436,9.14185993119828
1437,9.148226128921955
1438,9.15459232664563
1439,9.160958524369306
1440,9.167324722092982
1441,9.173690919816657
1442,9.180057117540333
1443,9.186423315264008
1444,9.192789512987684
1445,9.19915571071136
1446,9.205521908435035
1447,9.21188810615871
1448,9.218254303882386
1449,9.224620501606061
1450,9.230986699329737
1451,9.237352897053412
1452,9.243719094777088
1453,9.250085292500764
1454,9.256451490224439
1455,9.262817687948115
1456,9.26918388567179
1457,9.275550083395466
1458,9.281916281119141
1459,9.288282478842817
1460,9.294648676566492
1461,9.301014874290168
1462,9.307381072013843
1463,9.313747269737519
1464,9.320113467461194
1465,9.32647966518487
1466,9.332845862908545
1467,9.33921206063222
1468,9.345578258355896
1469,9.351944456079572
1470,9.358310653803247
1471,9.364676851526923
1472,9.371043049250599
1473,9.377409246974274
1474,9.38377544469795
1475,9.390141642421625
1476,9.3965078401453
1477,9.402874037868976
1478,9.409240235592652
1479,9.415606433316327
1480,9.421972631040003
1481,9.428338828763678
1482,9.434705026487354
1483,9.44107122421103
1484,9.447437421934705
1485,9.45380361965838
1486,9.460169817382056
1487,9.466536015105731
1488,9.472902212829407
1489,9.479268410553082
1490,9.485634608276758
1491,9.492000806000433
1492,9.498367003724109
1493,9.504733201447785
1494,9.51109939917146
1495,9.517465596895136
1496,9.523831794618811
1497,9.530197992342487
1498,9.536564190066162
1499,9.542930387789838
1500,9.549296585513513
1501,9.555662783237189
1502,9.562028980960864
1503,9.56839517868454
1504,9.574761376408215
1505,9.58112757413189
1506,9.587493771855566
1507,9.593859969579242
1508,9.600226167302917
1509,9.606592365026593
1510,9.612958562750268
1511,9.619324760473944
1512,9.62569095819762
1513,9.632057155921295
1514,9.63842335364497
1515,9.644789551368646
1516,9.651155749092322
1517,9.657521946815997
1518,9.663888144539673
1519,9.670254342263348
1520,9.676620539987024
1521,9.6829867377107
1522,9.689352935434375
1523,9.69571913315805
1524,9.702085330881726
1525,9.708451528605401
1526,9.714817726329077
1527,9.721183924052752
1528,9.727550121776428
1529,9.733916319500103
1530,9.740282517223779
1531,9.746648714947455
1532,9.75301491267113
1533,9.759381110394806
1534,9.765747308118481
1535,9.772113505842157
1536,9.778479703565832
1537,9.784845901289508
1538,9.791212099013183
1539,9.797578296736859
1540,9.803944494460534
1541,9.81031069218421
1542,9.816676889907885
1543,9.82304308763156
1544,9.829409285355236
1545,9.835775483078912
1546,9.842141680802587
1547,9.848507878526263
1548,9.854874076249938
1549,9.861240273973614
1550,9.86760647169729
1551,9.873972669420965
1552,9.88033886714464
1553,9.886705064868316
1554,9.893071262591992
1555,9.899437460315667
1556,9.905803658039343
1557,9.912169855763018
1558,9.918536053486694
1559,9.92490225121037
1560,9.931268448934045
1561,9.93763464665772
1562,9.944000844381396
1563,9.950367042105071
1564,9.956733239828747
1565,9.963099437552422
1566,9.969465635276098
1567,9.975831832999773
1568,9.982198030723449
1569,9.988564228447125
1570,9.9949304261708
1571,10.001296623894476
