tempo,temp,h,vazao,vazaoideal,tempideal+
1,-5.319308177178269,2.158158475531111,0.012521980673998822,0.084, 57.0
2,11.93798341869838,3.053229302058766,0.013007675598723975,0.084, 57.0
3,21.368423682071583,3.9481040485869676,0.015471689541915171,0.084, 57.0
4,27.312281728018988,4.842809946543376,0.017593503272777092,0.084, 57.0
5,31.401376334233557,5.7373653013579915,0.019485284185995353,0.084, 57.0
6,34.38664713702928,6.631783510191814,0.02120871140891088,0.084, 57.0
7,36.66186507457852,7.526074928060653,0.02280201366544276,0.084, 57.0
8,38.45341444032033,8.420247869931973,0.024290826959162078,0.084, 57.0
9,39.900690384591535,9.314309203806689,0.02569333440802627,0.084, 57.0
10,41.09421895419325,10.208264727267755,0.02702298728080307,0.084, 57.0
11,42.095346750579694,11.102119419638855,0.028290068126778912,0.084, 57.0
12,42.9471208472654,11.995877618072784,0.029502646703299117,0.084, 57.0
13,43.68063851691562,12.889543144754741,0.030667194284070175,0.084, 57.0
14,44.318924617110966,13.783119401397881,0.03178899467659793,0.084, 57.0
15,44.879391265269966,14.676609441110012,0.032872428584903704,0.084, 57.0
16,45.37544982286962,15.570016024155777,0.033921175984671065,0.084, 57.0
17,45.81759750789745,16.46334166197705,0.034938363675103806,0.084, 57.0
18,46.2141681072046,17.3565886524712,0.03592667513560086,0.084, 57.0
19,46.57186199370535,18.24975910864029,0.036888433828962466,0.084, 57.0
20,46.89612760585074,19.1428549821317,0.03782566739817553,0.084, 57.0
21,47.191440787534496,20.03587808278483,0.038740157854597404,0.084, 57.0
22,47.46151253056302,20.928830095015165,0.03963348132186133,0.084, 57.0
23,47.70944565197684,21.82171259166458,0.04050703987517711,0.084, 57.0
24,47.9378544740979,22.71452704580055,0.04136208731660557,0.084, 57.0
25,48.14895731372875,23.607274840839004,0.04219975024085763,0.084, 57.0
26,48.34464872473259,24.499957279285102,0.04302104540247457,0.084, 57.0
27,48.526556482752326,25.39257559032555,0.0438268941484102,0.084, 57.0
28,48.69608694377436,26.285130936459414,0.04461813450024018,0.084, 57.0
29,48.85446145282351,27.177624419318576,0.045395531337549276,0.084, 57.0
30,49.00274579741937,28.07005708480088,0.046159785034969314,0.084, 57.0
31,49.141874208062504,28.962429927616906,0.046911538830530695,0.084, 57.0
32,49.27266904829184,29.854743895333822,0.047651385145923784,0.084, 57.0
33,49.39585707121708,30.746999891985602,0.04837987103531976,0.084, 57.0
34,49.512082921309506,31.639198781307673,0.04909750290525651,0.084, 57.0
35,49.621920411087416,32.531341389644744,0.04980475062134657,0.084, 57.0
36,49.72588198906819,33.423428508573096,0.05050205109644705,0.084, 57.0
37,49.82442672863412,34.31546089727242,0.05118981143813807,0.084, 57.0
38,49.91796710054039,35.20743928467714,0.05186841171991059,0.084, 57.0
39,50.00687473977895,36.09936437143283,0.05253820742962866,0.084, 57.0
40,50.09148537680311,36.99123683167998,0.05319953164004674,0.084, 57.0
41,50.17210307104682,37.88305731468413,0.05385269693899935,0.084, 57.0
42,50.24900385925271,38.77482644632902,0.05449799715100763,0.084, 57.0
43,50.322438910852966,39.66654483048717,0.055135708877207666,0.084, 57.0
44,50.39263726639623,40.55821305028055,0.05576609287649795,0.084, 57.0
45,50.459808221913235,41.44983166924247,0.0563893953074689,0.084, 57.0
46,50.52414341150101,42.34140123239032,0.05700584884789112,0.084, 57.0
47,50.585818631765534,43.23292226721785,0.057615673706200826,0.084, 57.0
48,50.644995444696704,44.1243952846146,0.05821907853745093,0.084, 57.0
49,50.70182258974462,45.01582077971908,0.05881626127453007,0.084, 57.0
50,50.75643723107855,45.9071992327119,0.059407409884037,0.084, 57.0
51,50.80896253441043,46.79846975594135,0.05999270305499339,0.084, 57.0
52,50.85950822603474,47.68949065467258,0.06057227112190695,0.084, 57.0
53,50.908176874740796,48.58012690202193,0.06114618604071991,0.084, 57.0
54,50.95506428510669,49.47024681180573,0.06171451975927966,0.084, 57.0
55,51.00026024637964,50.35972619142231,0.062277342188355865,0.084, 57.0
56,51.043848800390386,51.24844441377162,0.06283472394629827,0.084, 57.0
57,51.085908852255514,52.136287931884894,0.06338673395939955,0.084, 57.0
58,51.12651435329152,53.023145876304426,0.06393344174889834,0.084, 57.0
59,51.16573507237936,53.908919103541045,0.06447491478631256,0.084, 57.0
60,51.20364013445052,54.79359789493677,0.06501122409028781,0.084, 57.0
61,51.24029617331451,55.67722267809099,0.06554249060695698,0.084, 57.0
62,51.27576536112671,56.55983268408783,0.0660688599717169,0.084, 57.0
63,51.31010577493631,57.4414659455693,0.06659047140869696,0.084, 57.0
64,51.34337172983869,58.322159352697994,0.06710745808129401,0.084, 57.0
65,51.375614080044286,59.20194870569449,0.06761994745081899,0.084, 57.0
66,51.406880491415166,60.080868764147596,0.06812806160846241,0.084, 57.0
67,51.437215688580025,60.95895329334206,0.06863191758292327,0.084, 57.0
68,51.466661679356676,61.836235107826475,0.06913162762584155,0.084, 57.0
69,51.49525795888042,62.712746112424135,0.06962729947695513,0.084, 57.0
70,51.52304169555142,63.58851734087213,0.07011903661070974,0.084, 57.0
71,51.550047900665646,64.46357899225772,0.07060693846587866,0.084, 57.0
72,51.576309583378894,65.3379604654069,0.07109110065959738,0.084, 57.0
73,51.601857892464594,66.21169039136691,0.07157161518708308,0.084, 57.0
74,51.626722246162714,67.08479666411309,0.0720485706081888,0.084, 57.0
75,51.65093045127268,67.9573064695992,0.07252205222183433,0.084, 57.0
76,51.67450881251756,68.82924631326183,0.0729921422292604,0.084, 57.0
77,51.697482233095954,69.70064204607957,0.07345891988696628,0.084, 57.0
78,51.719874307240445,70.57151888928074,0.07392246165011443,0.084, 57.0
79,51.741707405515776,71.44190145778579,0.07438284130711606,0.084, 57.0
80,51.763002801483836,72.31181577964608,0.07484013010604942,0.084, 57.0
81,51.78378065144022,73.18128559609954,0.07529439791328604,0.084, 57.0
82,51.804060103417186,74.05033398277621,0.07574571136859304,0.084, 57.0
83,51.82385936242916,74.91898348923284,0.07619413484153262,0.084, 57.0
84,51.843195748108506,75.78725615735156,0.07663973059422806,0.084, 57.0
85,51.86208932245412,76.65534083162935,0.07708255887512014,0.084, 57.0
86,51.88055787557223,77.52336986971443,0.07752276260041138,0.084, 57.0
87,51.89861560656732,78.39134469379002,0.07796045278078888,0.084, 57.0
88,51.91627608445754,79.25926648753821,0.07839567222744595,0.084, 57.0
89,51.93355227596192,80.12713584973893,0.07882846245248601,0.084, 57.0
90,51.95045658940832,80.99495336272238,0.07925886354610148,0.084, 57.0
91,51.96700090447876,81.86271959302795,0.07968691450694672,0.084, 57.0
92,51.983196600072915,82.73043509202932,0.08011265328331968,0.084, 57.0
93,51.99905458042717,83.59810039652788,0.08053611681236623,0.084, 57.0
94,52.01458529961547,84.46571602931627,0.08095734105742226,0.084, 57.0
95,52.02979878454781,85.33328249971412,0.08137636104360034,0.084, 57.0
96,52.04470465657261,86.20080030407732,0.08179321089172124,0.084, 57.0
97,52.059312151781015,87.06826992628272,0.0822079238506828,0.084, 57.0
98,52.07363014010314,87.93569183818941,0.08262053232835387,0.084, 57.0
99,52.08766714327944,88.80306650007816,0.08303106792107429,0.084, 57.0
100,52.10143135178363,89.67039436107014,0.08343956144183722,0.084, 57.0
101,52.114930640767945,90.53767585952616,0.083846042947225,0.084, 57.0
102,52.12817258509592,91.40491142342758,0.08425054176316525,0.084, 57.0
103,52.13626788344961,91.94076686593,0.08465308650956987,0.084, 57.0
104,52.145864209876315,92.58556542348691,0.08490086055093266,0.084, 57.0
105,52.15734692529873,93.37060121507764,0.08519805355289153,0.084, 57.0
106,52.168637350242356,94.15560832408252,0.08555848955692293,0.084, 57.0
107,52.17974027142734,94.94058687186948,0.08591740040648385,0.084, 57.0
108,52.190660318046326,95.72553697828738,0.08627480519105545,0.084, 57.0
109,52.201401968190865,96.51045876169738,0.08663072260519203,0.084, 57.0
110,52.211969554965904,97.29535233900351,0.08698517095986577,0.084, 57.0
111,52.22236727230962,98.08021782568234,0.08733816819339571,0.084, 57.0
112,52.23259918053529,98.86505533581175,0.08768973188197976,0.084, 57.0
113,52.242669211610384,99.64986498209895,0.088039879249847,0.084, 57.0
114,52.2525811741874,100.43464687590773,0.08838862717904696,0.084, 57.0
115,52.262338758399906,101.21940112728494,0.08873599221889147,0.084, 57.0
116,52.271945540436505,102.00412784498621,0.08908199059506439,0.084, 57.0
117,52.28140498690459,102.78882713650106,0.08942663821841297,0.084, 57.0
118,52.29072045899506,103.57349910807717,0.08976995069343463,0.084, 57.0
119,52.299895216458665,104.35814386474428,0.09011194332647172,0.084, 57.0
120,52.30893242140363,105.1427615103371,0.0904526311336268,0.084, 57.0
121,52.317835141923936,105.92735214751792,0.09079202884840953,0.084, 57.0
122,52.326606355567094,106.71191587779849,0.09113015092912667,0.084, 57.0
123,52.33524895264949,107.49645280156132,0.09146701156602528,0.084, 57.0
124,52.343765739427226,108.28096301808046,0.09180262468819944,0.084, 57.0
125,52.352159441129515,109.0654466255418,0.09213700397026978,0.084, 57.0
126,52.36043270486183,109.84990372106274,0.09247016283884482,0.084, 57.0
127,52.36858810238501,110.63433440071152,0.09280211447877316,0.084, 57.0
128,52.37662813277665,111.41873875952587,0.09313287183919426,0.084, 57.0
129,52.38455522498043,112.20311689153134,0.09346244763939594,0.084, 57.0
130,52.39237174024894,112.9874688897592,0.09379085437448609,0.084, 57.0
131,52.400079974485095,113.77179484626376,0.09411810432088569,0.084, 57.0
132,52.40768216048706,114.5560948521394,0.09444420954164993,0.084, 57.0
133,52.415180470101255,115.3403689975371,0.09476918189162409,0.084, 57.0
134,52.422577016287775,116.12461737168064,0.09509303302244024,0.084, 57.0
135,52.429873855102514,116.9088400628824,0.09541577438736094,0.084, 57.0
136,52.437072987599656,117.69303715855874,0.09573741724597537,0.084, 57.0
137,52.44417636165835,118.47720874524504,0.09605797266875357,0.084, 57.0
138,52.451185873737195,119.26135490861044,0.09637745154146385,0.084, 57.0
139,52.45810337055958,120.04547573347217,0.0966958645694585,0.084, 57.0
140,52.46493065073323,120.82957130380957,0.09701322228183239,0.084, 57.0
141,52.47166946630692,121.61364170277783,0.09732953503545916,0.084, 57.0
142,52.47832152426706,122.39768701272132,0.09764481301890941,0.084, 57.0
143,52.48488848797702,123.18170731518676,0.09795906625625497,0.084, 57.0
144,52.49137197856156,123.96570269093596,0.09827230461076326,0.084, 57.0
145,52.49777357623895,124.74967321995834,0.09858453778848578,0.084, 57.0
146,52.50409482160291,125.53361898148317,0.09889577534174417,0.084, 57.0
147,52.51033721685669,126.31754005399156,0.09920602667251764,0.084, 57.0
148,52.51650222700137,127.10143651522812,0.09951530103573492,0.084, 57.0
149,52.522591280980194,127.8853084422124,0.09982360754247406,0.084, 57.0
150,52.528605772781,128.66915591125016,0.10013095516307359,0.084, 57.0
151,52.53454706249842,129.45297899794423,0.10043735273015719,0.084, 57.0
152,52.54041647735761,130.23677777720533,0.10074280894157572,0.084, 57.0
153,52.54621531270109,131.0205523232625,0.10104733236326874,0.084, 57.0
154,52.5519448329402,131.80430270967344,0.10135093143204843,0.084, 57.0
155,52.557606272472775,132.58802900933446,0.10165361445830835,0.084, 57.0
156,52.563200836568285,133.37173129449044,0.10195538962865976,0.084, 57.0
157,52.56872970222183,134.15540963674445,0.10225626500849741,0.084, 57.0
158,52.57419401897833,134.93906410706717,0.1025562485444976,0.084, 57.0
159,52.57959490972799,135.72269477580613,0.10285534806705031,0.084, 57.0
160,52.58493347147427,136.50630171269484,0.10315357129262757,0.084, 57.0
161,52.590210776075516,137.2898849868616,0.10345092582609049,0.084, 57.0
162,52.59542787096115,138.07344466683833,0.10374741916293606,0.084, 57.0
163,52.600585779823646,138.85698082056885,0.10404305869148661,0.084, 57.0
164,52.60568550328698,139.64049351541755,0.10433785169502294,0.084, 57.0
165,52.61072801955272,140.4239828181773,0.10463180535386331,0.084, 57.0
166,52.61571428502448,141.2074487950777,0.10492492674738974,0.084, 57.0
167,52.62064523491168,141.99089151179285,0.1052172228560234,0.084, 57.0
168,52.62552178381323,142.77431103344904,0.10550870056315052,0.084, 57.0
169,52.63034482628215,143.5577074246324,0.10579936665700039,0.084, 57.0
170,52.6351152373717,144.34108074939635,0.10608922783247687,0.084, 57.0
171,52.63983387316372,145.12443107126873,0.10637829069294484,0.084, 57.0
172,52.644501571279896,145.90775845325913,0.106666561751973,0.084, 57.0
173,52.64911915137665,146.69106295786577,0.10695404743503407,0.084, 57.0
174,52.6536874156241,147.47434464708243,0.10724075408116393,0.084, 57.0
175,52.658207149169804,148.2576035824052,0.10752668794458083,0.084, 57.0
176,52.66267912058789,149.0408398248391,0.10781185519626572,0.084, 57.0
177,52.66710408231395,149.8240534349046,0.10809626192550502,0.084, 57.0
178,52.67148277106639,150.607244472644,0.10837991414139671,0.084, 57.0
179,52.675815908254584,151.39041299762758,0.108662817774321,0.084, 57.0
180,52.68010420037443,152.17355906895992,0.10894497867737643,0.084, 57.0
181,52.684348339391676,152.95668274528586,0.10922640262778253,0.084, 57.0
182,52.68854900311347,153.7397840847964,0.10950709532824991,0.084, 57.0
183,52.69270685554864,154.52286314523462,0.10978706240831859,0.084, 57.0
184,52.69682254725692,155.30591998390125,0.11006630942566574,0.084, 57.0
185,52.70089671568771,156.08895465766042,0.11034484186738344,0.084, 57.0
186,52.70492998550865,156.87196722294513,0.11062266515122739,0.084, 57.0
187,52.708922968924256,157.65495773576265,0.1108997846268373,0.084, 57.0
188,52.71287626598521,158.43792625169988,0.11117620557692996,0.084, 57.0
189,52.716790464888426,159.22087282592855,0.1114519332184654,0.084, 57.0
190,52.72066614226825,160.0037975132104,0.11172697270378716,0.084, 57.0
191,52.72450386347915,160.78670036790223,0.1120013291217372,0.084, 57.0
192,52.72830418287015,161.5695814439608,0.11227500749874629,0.084, 57.0
193,52.73206764405123,162.35244079494777,0.11254801279990033,0.084, 57.0
194,52.73579478015217,163.13527847403452,0.1128203499299834,0.084, 57.0
195,52.739486114073756,163.91809453400683,0.11309202373449821,0.084, 57.0
196,52.743142158731985,164.7008890272695,0.1133630390006643,0.084, 57.0
197,52.746763417295156,165.483662005851,0.11363340045839485,0.084, 57.0
198,52.7503503834143,166.26641352140774,0.11390311278125247,0.084, 57.0
199,52.75390354144713,167.04914362522882,0.11417218058738464,0.084, 57.0
200,52.75742336667568,167.83185236824008,0.11444060844043928,0.084, 57.0
201,52.760910325517784,168.61453980100842,0.11470840085046093,0.084, 57.0
202,52.764364875732774,169.39720597374614,0.11497556227476803,0.084, 57.0
203,52.76778746662147,170.1798509363149,0.115242097118812,0.084, 57.0
204,52.77117853922054,170.96247473822982,0.11550800973701819,0.084, 57.0
205,52.77453852649168,171.7450774286636,0.11577330443360948,0.084, 57.0
206,52.777867853505484,172.52765905645023,0.11603798546341292,0.084, 57.0
207,52.781166937620426,173.31021967008908,0.11630205703264969,0.084, 57.0
208,52.7844361886569,174.09275931774857,0.11656552329970893,0.084, 57.0
209,52.78767600906664,174.87527804726994,0.11682838837590584,0.084, 57.0
210,52.790886794097545,175.65777590617097,0.11709065632622428,0.084, 57.0
211,52.79406893195413,176.44025294164953,0.11735233117004454,0.084, 57.0
212,52.79722280395369,177.2227092005873,0.11761341688185632,0.084, 57.0
213,52.800348784678306,178.00514472955314,0.11787391739195761,0.084, 57.0
214,52.80344724212296,178.78755957480664,0.11813383658713944,0.084, 57.0
215,52.80651853783951,179.56995378230144,0.11839317831135729,0.084, 57.0
216,52.809563027077246,180.3523273976887,0.11865194636638893,0.084, 57.0
217,52.81258105891947,181.13468046632033,0.11891014451247967,0.084, 57.0
218,52.81557297641672,181.9170130332523,0.11916777646897468,0.084, 57.0
219,52.81853911671649,182.69932514324773,0.11942484591493924,0.084, 57.0
220,52.82147981118968,183.4816168407802,0.1196813564897667,0.084, 57.0
221,52.824395385553714,184.26388817003672,0.11993731179377487,0.084, 57.0
222,52.82728615999257,185.04613917492094,0.12019271538879085,0.084, 57.0
223,52.83015244927382,185.82836989905604,0.12044757079872472,0.084, 57.0
224,52.832994562862595,186.61058038578773,0.12070188151013221,0.084, 57.0
225,52.83581280503281,187.39277067818722,0.12095565097276671,0.084, 57.0
226,52.83860747497549,188.17494081905411,0.12120888260012085,0.084, 57.0
227,52.84137886690447,188.95709085091914,0.12146157976995789,0.084, 57.0
228,52.844127270159454,189.73922081604712,0.12171374582483305,0.084, 57.0
229,52.846852969306504,190.5213307564396,0.1219653840726052,0.084, 57.0
230,52.84955624423606,191.30342071383762,0.12221649778693901,0.084, 57.0
231,52.85223737025857,192.0854907297244,0.12246709020779774,0.084, 57.0
232,52.854896618197735,192.86754084532797,0.12271716454192703,0.084, 57.0
233,52.8575342544816,193.6495711016238,0.12296672396332967,0.084, 57.0
234,52.86015054123127,194.4315815393373,0.12321577161373176,0.084, 57.0
235,52.86274573634763,195.21357219894645,0.12346431060304044,0.084, 57.0
236,52.865320093595905,195.99554312068423,0.12371234400979314,0.084, 57.0
237,52.86787386268821,196.7774943445411,0.12395987488159886,0.084, 57.0
238,52.870407289364124,197.55942591026746,0.1242069062355714,0.084, 57.0
239,52.87292061546939,198.34133785737592,0.12445344105875486,0.084, 57.0
240,52.87541407903268,199.12323022514383,0.12469948230854158,0.084, 57.0
241,52.877887914340604,199.9051030526155,0.12494503291308252,0.084, 57.0
242,52.88034235201098,200.6869563786045,0.12519009577169057,0.084, 57.0
243,52.882777619064285,201.46879024169598,0.1254346737552364,0.084, 57.0
244,52.88519393899359,202.25060468024884,0.1256787697065378,0.084, 57.0
245,52.88759153183272,203.03239973239798,0.1259223864407418,0.084, 57.0
246,52.88997061422296,203.81417543605642,0.12616552674570025,0.084, 57.0
247,52.892331399478174,204.59593182891746,0.12640819338233905,0.084, 57.0
248,52.89467409764838,205.3776689484569,0.12665038908502071,0.084, 57.0
249,52.89699891558199,206.15938683193488,0.1268921165619008,0.084, 57.0
250,52.89930605698651,206.94108551639823,0.12713337849527834,0.084, 57.0
251,52.90159572248798,207.7227650386823,0.1273741775419399,0.084, 57.0
252,52.90386810968895,208.50442543541303,0.12761451633349827,0.084, 57.0
253,52.906123413225245,209.28606674300892,0.127854397476725,0.084, 57.0
254,52.908361824821405,210.06768899768295,0.1280938235538775,0.084, 57.0
255,52.910583533344926,210.84929223544458,0.12833279712302054,0.084, 57.0
256,52.91278872485925,211.6308764921016,0.12857132071834237,0.084, 57.0
257,52.9149775826756,212.412441803262,0.12880939685046572,0.084, 57.0
258,52.9171502874037,213.19398820433582,0.1290470280067532,0.084, 57.0
259,52.9193070170013,213.975515730537,0.12928421665160805,0.084, 57.0
260,52.921447946822724,214.75702441688517,0.12952096522676976,0.084, 57.0
261,52.923573249666234,215.53851429820745,0.12975727615160468,0.084, 57.0
262,52.92568309582045,216.31998540914017,0.12999315182339208,0.084, 57.0
263,52.92777765310977,217.10143778413064,0.13022859461760536,0.084, 57.0
264,52.92985708693871,217.88287145743882,0.13046360688818873,0.084, 57.0
265,52.93192156033542,218.6642864631391,0.13069819096782942,0.084, 57.0
266,52.93397123399414,219.44568283512183,0.13093234916822544,0.084, 57.0
267,52.93600626631687,220.22706060709513,0.13116608378034908,0.084, 57.0
268,52.93802681345402,221.00841981258637,0.131399397074706,0.084, 57.0
269,52.94003302934432,221.7897604849439,0.13163229130159046,0.084, 57.0
270,52.94202506575382,222.57108265733856,0.13186476869133623,0.084, 57.0
271,52.94400307231406,223.3523863627653,0.13209683145456344,0.084, 57.0
272,52.945967196559465,224.13367163404465,0.13232848178242204,0.084, 57.0
273,52.947917583963964,224.91493850382435,0.13255972184683062,0.084, 57.0
274,52.949854377976806,225.69618700458082,0.13279055380071217,0.084, 57.0
275,52.95177772005767,226.4774171686206,0.13302097977822572,0.084, 57.0
276,52.95368774971104,227.25862902808194,0.13325100189499461,0.084, 57.0
277,52.95558460451982,228.03982261493616,0.13348062224833096,0.084, 57.0
278,52.95746842017838,228.8209979609891,0.13370984291745688,0.084, 57.0
279,52.95933933052473,229.6021550978826,0.13393866596372217,0.084, 57.0
280,52.96119746757224,230.3832940570958,0.13416709343081856,0.084, 57.0
281,52.9630429615406,231.1644148699467,0.13439512734499087,0.084, 57.0
282,52.96487594088616,231.94551756759338,0.13462276971524478,0.084, 57.0
283,52.966696532331675,232.72660218103536,0.1348500225335514,0.084, 57.0
284,52.96850486089546,233.50766874111503,0.13507688777504898,0.084, 57.0
285,52.97030104991992,234.28871727851893,0.13530336739824114,0.084, 57.0
286,52.97208522109954,235.06974782377904,0.13552946334519253,0.084, 57.0
287,52.97385749450834,235.85076040727412,0.13575517754172134,0.084, 57.0
288,52.9756179886267,236.6317550592309,0.13598051189758883,0.084, 57.0
289,52.97736682036775,237.41273180972544,0.13620546830668623,0.084, 57.0
290,52.979104105103175,238.1936906886843,0.13643004864721875,0.084, 57.0
291,52.980829956688524,238.9746317258859,0.13665425478188686,0.084, 57.0
292,52.98254448748804,239.7555549509615,0.13687808855806488,0.084, 57.0
293,52.984247808399,240.5364603933967,0.13710155180797692,0.084, 57.0
294,52.985940028875525,241.31734808253245,0.13732464634887032,0.084, 57.0
295,52.98762125695205,242.0982180475662,0.13754737398318642,0.084, 57.0
296,52.9892915992662,242.8790703175532,0.1377697364987289,0.084, 57.0
297,52.99095116108132,243.65990492140753,0.13799173566882972,0.084, 57.0
298,52.9926000463085,244.44072188790338,0.13821337325251257,0.084, 57.0
299,52.99423835752828,245.221521245676,0.13843465099465388,0.084, 57.0
300,52.995866196011825,246.00230302322294,0.1386555706261418,0.084, 57.0
301,52.99748366174172,246.78306724890507,0.13887613386403252,0.084, 57.0
302,52.999090853432484,247.56381395094778,0.13909634241170454,0.084, 57.0
303,53.00068786855053,248.3445431574419,0.13931619795901087,0.084, 57.0
304,53.00227480333385,249.12525489634496,0.13953570218242875,0.084, 57.0
305,53.0038517528113,249.905949195482,0.1397548567452074,0.084, 57.0
306,53.005418810821524,250.6866260825469,0.1399736632975139,0.084, 57.0
307,53.00697607003155,251.46728558510307,0.1401921234765765,0.084, 57.0
308,53.008523621954964,252.24792773058482,0.14041023890682647,0.084, 57.0
309,53.01006155696986,253.0285525462981,0.14062801120003743,0.084, 57.0
310,53.01158996433632,253.80916005942163,0.14084544195546325,0.084, 57.0
311,53.013108932213726,254.58975029700784,0.1410625327599737,0.084, 57.0
312,53.014618547677586,255.37032328598386,0.1412792851881882,0.084, 57.0
313,53.01611889673622,256.1508790531525,0.1414957008026079,0.084, 57.0
314,53.017610064346975,256.9314176251931,0.14171178115374586,0.084, 57.0
315,53.0190921344323,257.7119390286627,0.1419275277802553,0.084, 57.0
316,53.0205651898954,258.4924432899967,0.14214294220905643,0.084, 57.0
317,53.02202931263569,259.27293043551,0.14235802595546113,0.084, 57.0
318,53.0234845835639,260.0534004913978,0.1425727805232962,0.084, 57.0
319,53.024931082616995,260.8338534837365,0.14278720740502487,0.084, 57.0
320,53.026368888772744,261.6142894384847,0.14300130808186665,0.084, 57.0
321,53.02779808006407,262.39470838148395,0.14321508402391558,0.084, 57.0
322,53.02921873359315,263.1751103384597,0.14342853669025682,0.084, 57.0
323,53.03063092554522,263.95549533502225,0.1436416675290817,0.084, 57.0
324,53.03203473120217,264.7358633966673,0.1438544779778014,0.084, 57.0
325,53.033430224955886,265.51621454877727,0.14406696946315875,0.084, 57.0
326,53.03481748032141,266.2965488166217,0.144279143401339,0.084, 57.0
327,53.03619656994974,267.0768662253583,0.1444910011980786,0.084, 57.0
328,53.03756756564053,267.85716680003384,0.14470254424877294,0.084, 57.0
329,53.038930538354535,268.63745056558474,0.14491377393858274,0.084, 57.0
330,53.04028555822577,269.41771754683805,0.14512469164253836,0.084, 57.0
331,53.04163269457357,270.19796776851217,0.14533529872564377,0.084, 57.0
332,53.04297201591435,270.97820125521775,0.1455455965429781,0.084, 57.0
333,53.044303589973204,271.7584180314583,0.1457555864397968,0.084, 57.0
334,53.045627483695284,272.53861812163103,0.14596526975163077,0.084, 57.0
335,53.04694376325701,273.31880155002773,0.1461746478043846,0.084, 57.0
336,53.04825249407706,274.0989683408354,0.14638372191443344,0.084, 57.0
337,53.04955374082717,274.87911851813703,0.14659249338871858,0.084, 57.0
338,53.050847567442794,275.65925210591234,0.14680096352484184,0.084, 57.0
339,53.0521340371335,276.4393691280385,0.14700913361115878,0.084, 57.0
340,53.0534132123933,277.219469608291,0.1472170049268705,0.084, 57.0
341,53.054685155010716,277.99955357034406,0.14742457874211481,0.084, 57.0
342,53.05594992607868,278.77962103777173,0.14763185631805548,0.084, 57.0
343,53.05720758600433,279.55967203404833,0.14783883890697094,0.084, 57.0
344,53.058458194518586,280.33970658254924,0.14804552775234175,0.084, 57.0
345,53.05970181068559,281.11972470655155,0.14825192408893673,0.084, 57.0
346,53.06093849291199,281.89972642923476,0.14845802914289832,0.084, 57.0
347,53.06216829895603,282.67971177368156,0.14866384413182654,0.084, 57.0
348,53.06339128593658,283.45968076287835,0.1488693702648622,0.084, 57.0
349,53.06460751034188,284.23963341971603,0.149074608742769,0.084, 57.0
350,53.06581702803827,285.0195697669905,0.14927956075801446,0.084, 57.0
351,53.06701989427871,285.7994898274036,0.14948422749484996,0.084, 57.0
352,53.06821616371117,286.57939362356336,0.14968861012938972,0.084, 57.0
353,53.069405890386896,287.35928117798505,0.14989270982968908,0.084, 57.0
354,53.07058912776852,288.1391525130915,0.15009652775582127,0.084, 57.0
355,53.071765928738046,288.919007651214,0.1503000650599539,0.084, 57.0
356,53.072936345604724,289.6988466145925,0.15050332288642396,0.084, 57.0
357,53.07410043011277,290.47866942537684,0.1507063023718121,0.084, 57.0
358,53.07525823344897,291.25847610562676,0.15090900464501628,0.084, 57.0
359,53.07640980625018,292.03826667731295,0.15111143082732406,0.084, 57.0
360,53.077555198610675,292.81804116231734,0.15131358203248424,0.084, 57.0
361,53.078694460089395,293.59779958243394,0.15151545936677774,0.084, 57.0
362,53.07982763971708,294.3775419593692,0.1517170639290875,0.084, 57.0
363,53.0809547860033,295.15726831474274,0.1519183968109674,0.084, 57.0
364,53.082075946943334,295.93697867008797,0.15211945909671068,0.084, 57.0
365,53.083191170024975,296.7166730468525,0.15232025186341736,0.084, 57.0
366,53.084300502235244,297.4963514663989,0.1525207761810608,0.084, 57.0
367,53.08540399006693,298.276013950005,0.15272103311255353,0.084, 57.0
368,53.0865016795251,299.0556605188647,0.15292102371381244,0.084, 57.0
369,53.087593616133454,299.8352911940885,0.15312074903382297,0.084, 57.0
370,53.088679844940614,300.6149059967038,0.15332021011470254,0.084, 57.0
371,53.089760410526324,301.39450494765566,0.1535194079917636,0.084, 57.0
372,53.0908353570075,302.1740880678074,0.1537183436935755,0.084, 57.0
373,53.09190472804423,302.95365537794095,0.1539170182420258,0.084, 57.0
374,53.09296856684567,303.7332068987574,0.15411543265238098,0.084, 57.0
375,53.09402691617588,304.51274265087756,0.15431358793334624,0.084, 57.0
376,53.095079818359466,305.2922626548426,0.15451148508712484,0.084, 57.0
377,53.0961273152873,306.07176693111444,0.15470912510947654,0.084, 57.0
378,53.09716944842197,306.85125550007615,0.15490650898977543,0.084, 57.0
379,53.09820625880333,307.63072838203266,0.15510363771106714,0.084, 57.0
380,53.099237787053795,308.4101855972111,0.15530051225012545,0.084, 57.0
381,53.10026407338368,309.1896271657615,0.15549713357750797,0.084, 57.0
382,53.10128515759637,309.969053107757,0.1556935026576116,0.084, 57.0
383,53.1023010790935,310.74846344319457,0.15588962044872695,0.084, 57.0
384,53.10331187688,311.52785819199534,0.15608548790309257,0.084, 57.0
385,53.104317589569035,312.3072373740052,0.15628110596694803,0.084, 57.0
386,53.10531825538695,313.08660100899516,0.15647647558058692,0.084, 57.0
387,53.106313912178095,313.86594911666197,0.1566715976784089,0.084, 57.0
388,53.10730459740958,314.64528171662835,0.15686647318897146,0.084, 57.0
389,53.10829034817594,315.4245988284437,0.15706110303504067,0.084, 57.0
390,53.10927120120379,316.20390047158446,0.1572554881336419,0.084, 57.0
391,53.110247192856356,316.9831866654544,0.1574496293961095,0.084, 57.0
392,53.111218359137936,317.76245742938534,0.15764352772813614,0.084, 57.0
393,53.11218473569837,318.54171278263743,0.15783718402982175,0.084, 57.0
394,53.11314635783734,319.3209527443997,0.15803059919572152,0.084, 57.0
395,53.11410326050869,320.10017733379027,0.15822377411489383,0.084, 57.0
396,53.11505547832463,320.87938656985716,0.15841670967094715,0.084, 57.0
397,53.1160030455599,321.6585804715783,0.15860940674208704,0.084, 57.0
398,53.1169459961559,322.43775905786237,0.15880186620116193,0.084, 57.0
399,53.11788436372467,323.2169223475488,0.15899408891570913,0.084, 57.0
400,53.118818181552946,323.9960703594086,0.15918607574799948,0.084, 57.0
401,53.11974748260603,324.77520311214437,0.15937782755508256,0.084, 57.0
402,53.12067229953171,325.5543206243911,0.15956934518883042,0.084, 57.0
403,53.12159266466402,326.3334229147163,0.1597606294959815,0.084, 57.0
404,53.12250861002705,327.1125100016206,0.15995168131818358,0.084, 57.0
405,53.12342016733857,327.89158190353794,0.16014250149203696,0.084, 57.0
406,53.1243273680138,328.6706386388361,0.16033309084913622,0.084, 57.0
407,53.1252302431689,329.4496802258172,0.16052345021611253,0.084, 57.0
408,53.12612882362457,330.2287066827178,0.16071358041467457,0.084, 57.0
409,53.127023139909554,331.0077180277096,0.16090348226164988,0.084, 57.0
410,53.127913222264105,331.7867142788996,0.1610931565690251,0.084, 57.0
411,53.12879910064329,332.5656954543306,0.1612826041439861,0.084, 57.0
412,53.12968080472045,333.3446615719815,0.16147182578895775,0.084, 57.0
413,53.130558363890444,334.1236126497678,0.16166082230164286,0.084, 57.0
414,53.13143180727293,334.90254870554185,0.1618495944750613,0.084, 57.0
415,53.13230116371559,335.6814697570932,0.16203814309758824,0.084, 57.0
416,53.13316646179724,336.4603758221492,0.16222646895299211,0.084, 57.0
417,53.134027729831004,337.23926691837505,0.1624145728204723,0.084, 57.0
418,53.13488499586741,338.01814306337434,0.16260245547469634,0.084, 57.0
419,53.13573828769739,338.79700427468936,0.16279011768583668,0.084, 57.0
420,53.13658763285526,339.57585056980145,0.16297756021960705,0.084, 57.0
421,53.137433058621724,340.35468196613147,0.1631647838372988,0.084, 57.0
422,53.138274592026754,341.1334984810399,0.16335178929581615,0.084, 57.0
423,53.13911225985247,341.91230013182746,0.16353857734771185,0.084, 57.0
424,53.13994608863595,342.69108693573526,0.16372514874122204,0.084, 57.0
425,53.1407761046721,343.46985890994523,0.16391150422030068,0.084, 57.0
426,53.14160233401632,344.24861607158044,0.16409764452465403,0.084, 57.0
427,53.14242480248728,345.0273584377054,0.16428357038977423,0.084, 57.0
428,53.143243535669576,345.80608602532647,0.1644692825469732,0.084, 57.0
429,53.14405855891639,346.58479885139207,0.1646547817234155,0.084, 57.0
430,53.14486989735211,347.36349693279317,0.16484006864215128,0.084, 57.0
431,53.145677575874856,348.1421802863635,0.1650251440221489,0.084, 57.0
432,53.14648161915907,348.9208489288799,0.16521000857832707,0.084, 57.0
433,53.14728205165802,349.6995028770625,0.16539466302158662,0.084, 57.0
434,53.14807889760624,350.47814214757545,0.16557910805884207,0.084, 57.0
435,53.148872181021986,351.25676675702675,0.16576334439305307,0.084, 57.0
436,53.14966192570965,352.0353767219689,0.16594737272325494,0.084, 57.0
437,53.15044815526214,352.81397205889886,0.1661311937445896,0.084, 57.0
438,53.15123089306319,353.5925527842589,0.16631480814833557,0.084, 57.0
439,53.15201016228971,354.3711189144363,0.16649821662193834,0.084, 57.0
440,53.15278598591405,355.14967046576413,0.16668141984903959,0.084, 57.0
441,53.15355838670623,355.92820745452127,0.16686441850950703,0.084, 57.0
442,53.15432738723621,356.7067298969328,0.16704721327946323,0.084, 57.0
443,53.155093009876026,357.4852378091703,0.1672298048313145,0.084, 57.0
444,53.15585527680203,358.2637312073522,0.1674121938337795,0.084, 57.0
445,53.15661420999692,359.04221010754384,0.1675943809519174,0.084, 57.0
446,53.15736983125196,359.8206745257581,0.1677763668471559,0.084, 57.0
447,53.15812216216899,360.5991244779554,0.16795815217731896,0.084, 57.0
448,53.15887122416249,361.37755998004417,0.16813973759665413,0.084, 57.0
449,53.15961703846158,362.155981047881,0.16832112375585978,0.084, 57.0
450,53.16035962611211,362.93438769727106,0.16850231130211205,0.084, 57.0
451,53.16109900797855,363.7127799439682,0.16868330087909134,0.084, 57.0
452,53.161835204745955,364.4911578036754,0.16886409312700884,0.084, 57.0
453,53.1625682369219,365.26952129204483,0.16904468868263253,0.084, 57.0
454,53.16329812483838,366.0478704246785,0.16922508817931317,0.084, 57.0
455,53.16402488865369,366.82620521712806,0.1694052922470098,0.084, 57.0
456,53.164748548354275,367.60452568489546,0.16958530151231518,0.084, 57.0
457,53.16546912375651,368.38283184343294,0.16976511659848087,0.084, 57.0
458,53.16618663450859,369.16112370814346,0.16994473812544225,0.084, 57.0
459,53.16690110009222,369.93940129438096,0.170124166709843,0.084, 57.0
460,53.167612539824454,370.71766461745045,0.1703034029650596,0.084, 57.0
461,53.16832097285938,371.49591369260844,0.17048244750122551,0.084, 57.0
462,53.16902641818984,372.2741485350632,0.17066130092525517,0.084, 57.0
463,53.16972889464914,373.0523691599749,0.17083996384086764,0.084, 57.0
464,53.17042842091273,373.8305755824558,0.1710184368486101,0.084, 57.0
465,53.17112501549981,374.60876781757094,0.1711967205458812,0.084, 57.0
466,53.171818696774984,375.38694588033775,0.17137481552695413,0.084, 57.0
467,53.172509482949906,376.16510978572677,0.17155272238299946,0.084, 57.0
468,53.1731973920848,376.9432595486618,0.1717304417021076,0.084, 57.0
469,53.17388244209009,377.72139518401985,0.17190797406931155,0.084, 57.0
470,53.17456465072788,378.4995167066319,0.1720853200666087,0.084, 57.0
471,53.17524403561359,379.2776241312826,0.17226248027298327,0.084, 57.0
472,53.17592061421736,380.055717472711,0.1724394552644277,0.084, 57.0
473,53.176594403865636,380.8337967456104,0.17261624561396458,0.084, 57.0
474,53.17726542174256,381.61186196462876,0.17279285189166785,0.084, 57.0
475,53.177933684891485,382.3899131443689,0.172969274664684,0.084, 57.0
476,53.17859921021639,383.1679502993888,0.17314551449725324,0.084, 57.0
477,53.17926201448329,383.9459734442017,0.17332157195073003,0.084, 57.0
478,53.1799221143217,384.7239825932764,0.173497447583604,0.084, 57.0
479,53.18057952622593,385.50197776103755,0.17367314195152017,0.084, 57.0
480,53.18123426655653,386.27995896186576,0.17384865560729926,0.084, 57.0
481,53.181886351541614,387.0579262100979,0.17402398910095782,0.084, 57.0
482,53.1825357972782,387.8358795200272,0.17419914297972788,0.084, 57.0
483,53.183182619733515,388.6138189059037,0.17437411778807696,0.084, 57.0
484,53.18382683474634,389.39174438193425,0.17454891406772732,0.084, 57.0
485,53.18446845802826,390.1696559622828,0.1747235323576754,0.084, 57.0
486,53.185107505164964,390.9475536610706,0.17489797319421108,0.084, 57.0
487,53.18574399161747,391.7254374923765,0.1750722371109364,0.084, 57.0
488,53.186377932723396,392.50330747023713,0.1752463246387847,0.084, 57.0
489,53.187009343698186,393.28116360864703,0.17542023630603912,0.084, 57.0
490,53.18763823963633,394.0590059215589,0.17559397263835091,0.084, 57.0
491,53.18826463551253,394.8368344228838,0.17576753415875818,0.084, 57.0
492,53.188888546182945,395.6146491264914,0.1759409213877036,0.084, 57.0
493,53.189509986386284,396.3924500462102,0.17611413484305263,0.084, 57.0
494,53.190128970745015,397.1702371958276,0.1762871750401114,0.084, 57.0
495,53.19074551376653,397.94801058909036,0.17646004249164424,0.084, 57.0
496,53.1913596298442,398.72577023970445,0.17663273770789117,0.084, 57.0
497,53.19197133325857,399.50351616133554,0.17680526119658552,0.084, 57.0
498,53.192580638178406,400.281248367609,0.17697761346297083,0.084, 57.0
499,53.193187558661826,401.0589668721104,0.17714979500981803,0.084, 57.0
500,53.193792108657334,401.8366716883852,0.17732180633744246,0.084, 57.0
501,53.19439430200493,402.61436282993947,0.1774936479437205,0.084, 57.0
502,53.19499415243714,403.3920403102398,0.17766532032410617,0.084, 57.0
503,53.19559167358007,404.1697041427135,0.17783682397164768,0.084, 57.0
504,53.19618687895441,404.94735434074886,0.17800815937700368,0.084, 57.0
505,53.19677978197648,405.72499091769527,0.17817932702845948,0.084, 57.0
506,53.19737039595922,406.5026138868635,0.17835032741194312,0.084, 57.0
507,53.19795873411317,407.2802232615259,0.1785211610110412,0.084, 57.0
508,53.198544809547485,408.0578190549164,0.17869182830701474,0.084, 57.0
509,53.199128635270895,408.83540128023094,0.17886232977881467,0.084, 57.0
510,53.19971022419263,409.61296995062736,0.17903266590309744,0.084, 57.0
511,53.200289589123415,410.3905250792259,0.17920283715424035,0.084, 57.0
512,53.20086674277639,411.16806667910913,0.1793728440043568,0.084, 57.0
513,53.20144169776804,411.94559476332233,0.17954268692331124,0.084, 57.0
514,53.202014466619104,412.7231093448735,0.17971236637873442,0.084, 57.0
515,53.20258506175548,413.50061043673355,0.17988188283603795,0.084, 57.0
516,53.20315349550913,414.2780980518367,0.18005123675842916,0.084, 57.0
517,53.20371978011895,415.0555722030804,0.18022042860692572,0.084, 57.0
518,53.2042839277317,415.83303290332543,0.1803894588403699,0.084, 57.0
519,53.204845950402785,416.6104801653965,0.18055832791544318,0.084, 57.0
520,53.20540586009716,417.3879140020819,0.18072703628668038,0.084, 57.0
521,53.205963668690195,418.1653344261341,0.1808955844064836,0.084, 57.0
522,53.20651938796846,418.9427414502697,0.18106397272513636,0.084, 57.0
523,53.20707302963061,419.7201350871695,0.18123220169081747,0.084, 57.0
524,53.20762460528813,420.49751534947904,0.18140027174961482,0.084, 57.0
525,53.20817412646624,421.27488224980834,0.1815681833455387,0.084, 57.0
526,53.208721604604605,422.05223580073226,0.1817359369205358,0.084, 57.0
527,53.20926705105819,422.82957601479075,0.18190353291450229,0.084, 57.0
528,53.209810477097996,423.60690290448883,0.18207097176529707,0.084, 57.0
529,53.21035189391187,424.38421648229695,0.1822382539087552,0.084, 57.0
530,53.210891312605256,425.1615167606509,0.18240537977870086,0.084, 57.0
531,53.21142874420197,425.93880375195215,0.1825723498069602,0.084, 57.0
532,53.21196419964488,426.716077468568,0.18273916442337435,0.084, 57.0
533,53.21249768979675,427.49333792283176,0.1829058240558122,0.084, 57.0
534,53.213029225440884,428.27058512704264,0.18307232913018287,0.084, 57.0
535,53.213558817281914,429.04781909346633,0.18323868007044844,0.084, 57.0
536,53.21408647594647,429.8250398343348,0.1834048772986361,0.084, 57.0
537,53.21461221198391,430.6022473618467,0.18357092123485094,0.084, 57.0
538,53.21513603586704,431.3794416881673,0.18373681229728786,0.084, 57.0
539,53.21565795799275,432.1566228254287,0.18390255090224364,0.084, 57.0
540,53.216177988682766,432.93379078573025,0.18406813746412934,0.084, 57.0
541,53.21669613818428,433.7109455811383,0.18423357239548188,0.084, 57.0
542,53.21721241667065,434.4880872236864,0.184398856106976,0.084, 57.0
543,53.217726834242036,435.26521572537587,0.18456398900743617,0.084, 57.0
544,53.2182394009261,436.0423310981754,0.18472897150384796,0.084, 57.0
545,53.218750126678614,436.81943335402156,0.18489380400136982,0.084, 57.0
546,53.21925902138411,437.5965225048188,0.1850584869033444,0.084, 57.0
547,53.219766094856546,438.37359856243955,0.18522302061131007,0.084, 57.0
548,53.22027135683987,439.15066153872453,0.18538740552501204,0.084, 57.0
549,53.220774817008724,439.9277114454827,0.18555164204241364,0.084, 57.0
550,53.22127648496902,440.7047482944916,0.18571573055970741,0.084, 57.0
551,53.221776370258524,441.48177209749724,0.18587967147132617,0.084, 57.0
552,53.2222744823475,442.25878286621446,0.18604346516995374,0.084, 57.0
553,53.2227708306393,443.035780612327,0.18620711204653603,0.084, 57.0
554,53.223265424470924,443.8127653474877,0.18637061249029163,0.084, 57.0
555,53.223758273113624,444.58973708331837,0.18653396688872256,0.084, 57.0
556,53.2242493857735,445.36669583141025,0.18669717562762475,0.084, 57.0
557,53.22473877159204,446.143641603324,0.1868602390910987,0.084, 57.0
558,53.22522643964669,446.9205744105899,0.1870231576615597,0.084, 57.0
559,53.225712398951444,447.69749426470776,0.18718593171974823,0.084, 57.0
560,53.22619665845737,448.4744011771474,0.1873485616447404,0.084, 57.0
561,53.22667922705313,449.25129515934856,0.1875110478139578,0.084, 57.0
562,53.22716011356559,450.028176222721,0.18767339060317775,0.084, 57.0
563,53.22763932676032,450.8050443786448,0.18783559038654343,0.084, 57.0
564,53.22811687534212,451.58189963847036,0.1879976475365736,0.084, 57.0
565,53.22859276795556,452.35874201351857,0.18815956242417253,0.084, 57.0
566,53.229067013185485,453.1355715150809,0.18832133541863985,0.084, 57.0
567,53.22953961955753,453.91238815441966,0.1884829668876802,0.084, 57.0
568,53.230010595538644,454.6891919427678,0.18864445719741277,0.084, 57.0
569,53.23047994953758,455.4659828913296,0.18880580671238106,0.084, 57.0
570,53.23094768990543,456.2427610112801,0.18896701579556216,0.084, 57.0
571,53.231413824936034,457.0195263137658,0.18912808480837626,0.084, 57.0
572,53.23187836286659,457.7962788099046,0.18928901411069596,0.084, 57.0
573,53.232341311878,458.5730185107857,0.18944980406085546,0.084, 57.0
574,53.23280268009549,459.34974542747,0.18961045501565993,0.084, 57.0
575,53.233262475588965,460.1264595709901,0.18977096733039447,0.084, 57.0
576,53.233720706373546,460.90316095235056,0.18993134135883322,0.084, 57.0
577,53.23417738041001,461.67984958252777,0.19009157745324828,0.084, 57.0
578,53.234632505605255,462.4565254724703,0.19025167596441872,0.084, 57.0
579,53.23508608981277,463.2331886330988,0.1904116372416394,0.084, 57.0
580,53.23553814083306,464.00983907530633,0.19057146163272964,0.084, 57.0
581,53.23598866641409,464.78647680995846,0.1907311494840421,0.084, 57.0
582,53.236437674251746,465.56310184789317,0.19089070114047132,0.084, 57.0
583,53.23688517199027,466.3397141999212,0.1910501169454623,0.084, 57.0
584,53.23733116722268,467.11631387682604,0.19120939724101904,0.084, 57.0
585,53.237775667491206,467.8929008893641,0.191368542367713,0.084, 57.0
586,53.23821868028773,468.6694752482648,0.19152755266469143,0.084, 57.0
587,53.23866021305416,469.44603696423064,0.19168642846968578,0.084, 57.0
588,53.239100273182885,470.2225860479374,0.19184517011901991,0.084, 57.0
589,53.23953886801716,470.99912251003417,0.19200377794761828,0.084, 57.0
590,53.23997600485157,471.7756463611436,0.192162252289014,0.084, 57.0
591,53.240411690932355,472.5521576118617,0.19232059347535732,0.084, 57.0
592,53.240845933457855,473.3286562727584,0.19247880183742302,0.084, 57.0
593,53.24127873957889,474.1051423543773,0.1926368777046188,0.084, 57.0
594,53.24171011639916,474.88161586723584,0.1927948214049931,0.084, 57.0
595,53.24214007097564,475.65807682182555,0.1929526332652428,0.084, 57.0
596,53.24256861031893,476.4345252286121,0.19311031361072128,0.084, 57.0
597,53.24299574139368,477.2109610980352,0.19326786276544577,0.084, 57.0
598,53.243421471118936,477.9873844405092,0.19342528105210544,0.084, 57.0
599,53.243845806368505,478.76379526642245,0.19358256879206845,0.084, 57.0
600,53.24426875397137,479.5401935861382,0.19373972630539027,0.084, 57.0
601,53.244690320711996,480.3165794099941,0.19389675391082037,0.084, 57.0
602,53.24511051333072,481.0929527483027,0.1940536519258103,0.084, 57.0
603,53.24552933852413,481.8693136113513,0.19421042066652072,0.084, 57.0
604,53.245946802945376,482.64566200940214,0.19436706044782884,0.084, 57.0
605,53.246362913204564,483.42199795269255,0.19452357158333572,0.084, 57.0
606,53.24677767586906,484.198321451435,0.19467995438537347,0.084, 57.0
607,53.2471910974639,484.9746325158172,0.1948362091650125,0.084, 57.0
608,53.247603184472034,485.7509311560021,0.19499233623206855,0.084, 57.0
609,53.24801394333475,486.52721738212824,0.19514833589510971,0.084, 57.0
610,53.24842338045197,487.3034912043097,0.19530420846146368,0.084, 57.0
611,53.24883150218257,488.07975263263614,0.19545995423722445,0.084, 57.0
612,53.249238314844774,488.85600167717297,0.19561557352725953,0.084, 57.0
613,53.249643824716394,489.6322383479614,0.19577106663521648,0.084, 57.0
614,53.25004803803519,490.40846265501864,0.19592643386352995,0.084, 57.0
615,53.250450960999196,491.1846746083379,0.1960816755134285,0.084, 57.0
616,53.25085259976703,491.96087421788854,0.19623679188494114,0.084, 57.0
617,53.25125296045822,492.73706149361607,0.1963917832769041,0.084, 57.0
618,53.25165204915345,493.5132364454424,0.1965466499869675,0.084, 57.0
619,53.25204987189496,494.2893990832658,0.1967013923116018,0.084, 57.0
620,53.25244643468681,495.065549416961,0.19685601054610458,0.084, 57.0
621,53.25284174349513,495.8416874563795,0.1970105049846067,0.084, 57.0
622,53.25323580424851,496.6178132113492,0.197164875920079,0.084, 57.0
623,53.25362862283822,497.393926691675,0.1973191236443386,0.084, 57.0
624,53.25402020511856,498.17002790713866,0.19747324844805517,0.084, 57.0
625,53.25441055690711,498.9461168674988,0.19762725062075742,0.084, 57.0
626,53.254799683985006,499.7221935824911,0.1977811304508393,0.084, 57.0
627,53.255187592097286,500.4982580618285,0.197934888225566,0.084, 57.0
628,53.25557428695312,501.27431031520103,0.19808852423108048,0.084, 57.0
629,53.25595977422609,502.0503503522761,0.19824203875240934,0.084, 57.0
630,53.25634405955449,502.82637818269853,0.198395432073469,0.084, 57.0
631,53.2567271485416,503.6023938160906,0.19854870447707174,0.084, 57.0
632,53.25710904675593,504.37839726205226,0.19870185624493172,0.084, 57.0
633,53.25748975973152,505.15438853016104,0.19885488765767087,0.084, 57.0
634,53.25786929296819,505.93036762997224,0.1990077989948249,0.084, 57.0
635,53.25824765193178,506.706334571019,0.1991605905348491,0.084, 57.0
636,53.25862484205448,507.4822893628124,0.19931326255512427,0.084, 57.0
637,53.25900086873503,508.25823201484155,0.1994658153319623,0.084, 57.0
638,53.25937573733898,509.0341625365736,0.19961824914061235,0.084, 57.0
639,53.25974945319898,509.81008093745396,0.19977056425526604,0.084, 57.0
640,53.260122021615,510.58598722690624,0.1999227609490635,0.084, 57.0
641,53.260493447854586,511.36188141433246,0.20007483949409893,0.084, 57.0
642,53.26086373715311,512.137763509113,0.20022680016142613,0.084, 57.0
643,53.26123289471402,512.9136335206068,0.20037864322106402,0.084, 57.0
644,53.2616009257091,513.6894914581513,0.20053036894200235,0.084, 57.0
645,53.26196783527867,514.4653373310629,0.200681977592207,0.084, 57.0
646,53.26233362853183,515.2411711486362,0.2008334694386255,0.084, 57.0
647,53.26269831054674,516.0169929201453,0.20098484474719255,0.084, 57.0
648,53.263061886370814,516.7928026548427,0.20113610378283506,0.084, 57.0
649,53.26342436102096,517.5686003619603,0.2012872468094779,0.084, 57.0
650,53.263785739483815,518.3443860507087,0.20143827409004897,0.084, 57.0
651,53.26414602671598,519.120159730278,0.20158918588648442,0.084, 57.0
652,53.26450522764423,519.8959214098372,0.20173998245973407,0.084, 57.0
653,53.26486334716574,520.671671098535,0.20189066406976636,0.084, 57.0
654,53.26522039014833,521.447408805499,0.20204123097557378,0.084, 57.0
655,53.26557636143063,522.2231345398367,0.20219168343517774,0.084, 57.0
656,53.265931265822374,522.9988483106349,0.20234202170563384,0.084, 57.0
657,53.26628510810456,523.7745501269602,0.2024922460430369,0.084, 57.0
658,53.26663789302969,524.5502399978589,0.20264235670252576,0.084, 57.0
659,53.26698962532194,525.3259179323567,0.20279235393828865,0.084, 57.0
660,53.267340309677444,526.1015839394596,0.2029422380035678,0.084, 57.0
661,53.26768995076444,526.8772380281533,0.2030920091506646,0.084, 57.0
662,53.26803855322351,527.6528802074035,0.20324166763094428,0.084, 57.0
663,53.26838612166776,528.4285104861561,0.2033912136948409,0.084, 57.0
664,53.26873266068303,529.204128873337,0.20354064759186222,0.084, 57.0
665,53.2690781748281,529.9797353778524,0.2036899695705943,0.084, 57.0
666,53.269422668634924,530.7553300085888,0.20383917987870642,0.084, 57.0
667,53.26976614660874,531.530912774413,0.2039882787629558,0.084, 57.0
668,53.27010861322836,532.3064836841721,0.20413726646919222,0.084, 57.0
669,53.270450072946296,533.0820427466941,0.2042861432423626,0.084, 57.0
670,53.270790530189,533.8575899707873,0.20443490932651603,0.084, 57.0
671,53.271129989357014,534.6331253652406,0.20458356496480778,0.084, 57.0
672,53.2714684548252,535.4086489388238,0.20473211039950442,0.084, 57.0
673,53.27180593094287,536.1841607002875,0.20488054587198803,0.084, 57.0
674,53.27214242203404,536.959660658363,0.20502887162276084,0.084, 57.0
675,53.27247793239757,537.7351488217626,0.20517708789144967,0.084, 57.0
676,53.27281246630737,538.5106251991795,0.2053251949168104,0.084, 57.0
677,53.273146028012555,539.2860897992882,0.20547319293673244,0.084, 57.0
678,53.273478621737624,540.0615426307443,0.20562108218824304,0.084, 57.0
679,53.273810251682676,540.8369837021843,0.2057688629075117,0.084, 57.0
680,53.274140922023555,541.6124130222263,0.2059165353298546,0.084, 57.0
681,53.274470636912035,542.3878305994697,0.20606409968973866,0.084, 57.0
682,53.27479940047598,543.1632364424952,0.2062115562207861,0.084, 57.0
683,53.27512721681952,543.938630559865,0.2063589051557786,0.084, 57.0
684,53.27545409002325,544.7140129601229,0.20650614672666143,0.084, 57.0
685,53.27578002414436,545.4893836517942,0.2066532811645478,0.084, 57.0
686,53.27610502321682,546.2647426433861,0.20680030869972288,0.084, 57.0
687,53.27642909125154,547.0400899433872,0.20694722956164807,0.084, 57.0
688,53.27675223223655,547.8154255602683,0.2070940439789652,0.084, 57.0
689,53.27707445013713,548.5907495024817,0.20724075217950025,0.084, 57.0
690,53.277395748896005,549.3660617784618,0.2073873543902679,0.084, 57.0
691,53.2777161324335,550.1413623966251,0.2075338508374752,0.084, 57.0
692,53.278035604647684,550.9166513653701,0.20768024174652583,0.084, 57.0
693,53.278354169414534,551.6919286930771,0.20782652734202392,0.084, 57.0
694,53.27867183058809,552.4671943881091,0.20797270784777805,0.084, 57.0
695,53.278988592000616,553.242448458811,0.20811878348680535,0.084, 57.0
696,53.27930445746276,554.0176909135104,0.2082647544813351,0.084, 57.0
697,53.279619430763674,554.7929217605167,0.208410621052813,0.084, 57.0
698,53.27993351567121,555.5681410081223,0.20855638342190466,0.084, 57.0
699,53.28024671593204,556.3433486646019,0.2087020418084998,0.084, 57.0
700,53.280559035271786,557.1185447382124,0.2088475964317157,0.084, 57.0
701,53.28087047739523,557.8937292371941,0.2089930475099013,0.084, 57.0
702,53.28118104598642,558.6689021697691,0.20913839526064082,0.084, 57.0
703,53.28149074470879,559.444063544143,0.2092836399007574,0.084, 57.0
704,53.28179957720535,560.2192133685037,0.20942878164631723,0.084, 57.0
705,53.282107547098796,560.9943516510223,0.20957382071263267,0.084, 57.0
706,53.282414657991694,561.7694783998526,0.20971875731426637,0.084, 57.0
707,53.282720913466555,562.5445936231314,0.20986359166503477,0.084, 57.0
708,53.283026317086026,563.3196973289787,0.21000832397801164,0.084, 57.0
709,53.28333087239301,564.0947895254975,0.21015295446553195,0.084, 57.0
710,53.28363458291081,564.869870220774,0.21029748333919504,0.084, 57.0
711,53.28393745214324,565.6449394228775,0.21044191080986857,0.084, 57.0
712,53.2842394835748,566.4199971398608,0.21058623708769192,0.084, 57.0
713,53.28454068067078,567.1950433797598,0.21073046238207968,0.084, 57.0
714,53.284841046877375,567.970078150594,0.210874586901725,0.084, 57.0
715,53.28514058562186,568.7451014603661,0.21101861085460347,0.084, 57.0
716,53.28543930031272,569.5201133170626,0.21116253444797614,0.084, 57.0
717,53.28573719433971,570.2951137286534,0.2113063578883932,0.084, 57.0
718,53.286034271074065,571.070102703092,0.21145008138169735,0.084, 57.0
719,53.28633053386858,571.8450802483155,0.21159370513302708,0.084, 57.0
720,53.28662598605775,572.620046372245,0.2117372293468202,0.084, 57.0
721,53.2869206309579,573.3950010827853,0.2118806542268171,0.084, 57.0
722,53.2872144718673,574.1699443878248,0.21202397997606398,0.084, 57.0
723,53.28750751206627,574.944876295236,0.21216720679691634,0.084, 57.0
724,53.28779975481735,575.7197968128754,0.21231033489104223,0.084, 57.0
725,53.28809120336537,576.4947059485834,0.2124533644594254,0.084, 57.0
726,53.288381860937605,577.2696037101845,0.2125962957023686,0.084, 57.0
727,53.28867173074387,578.0444901054873,0.21273912881949686,0.084, 57.0
728,53.28896081597666,578.8193651422845,0.2128818640097606,0.084, 57.0
729,53.289249119811245,579.5942288283532,0.21302450147143898,0.084, 57.0
730,53.28953664540579,580.3690811714546,0.21316704140214288,0.084, 57.0
731,53.28982339590149,581.1439221793343,0.2133094839988181,0.084, 57.0
732,53.290109374422656,581.9187518597223,0.21345182945774863,0.084, 57.0
733,53.29039458407685,582.693570220333,0.21359407797455957,0.084, 57.0
734,53.29067902795498,583.4683772688653,0.2137362297442203,0.084, 57.0
735,53.29096270913143,584.2431730130027,0.21387828496104752,0.084, 57.0
736,53.29124563066414,585.0179574604131,0.21402024381870846,0.084, 57.0
737,53.291527795594774,585.7927306187491,0.2141621065102237,0.084, 57.0
738,53.29180920694875,586.5674924956483,0.21430387322797023,0.084, 57.0
739,53.292089867735406,587.3422430987325,0.21444554416368466,0.084, 57.0
740,53.2923697809481,588.1169824356089,0.21458711950846593,0.084, 57.0
741,53.29264894956428,588.8917105138689,0.2147285994527784,0.084, 57.0
742,53.292927376545634,589.6664273410894,0.21486998418645478,0.084, 57.0
743,53.29320506483816,590.4411329248318,0.21501127389869915,0.084, 57.0
744,53.293482017372305,591.2158272726426,0.2151524687780896,0.084, 57.0
745,53.29375823706301,591.9905103920536,0.21529356901258148,0.084, 57.0
746,53.294033726809886,592.7651822905814,0.21543457478951006,0.084, 57.0
747,53.29430848949726,593.5398429757278,0.21557548629559342,0.084, 57.0
748,53.2945825279943,594.3144924549798,0.2157163037169353,0.084, 57.0
749,53.294855845155105,595.0891307358098,0.2158570272390279,0.084, 57.0
750,53.295128443818804,595.8637578256753,0.21599765704675478,0.084, 57.0
751,53.295400326809656,596.6383737320191,0.2161381933243936,0.084, 57.0
752,53.29567149693713,597.4129784622696,0.21627863625561886,0.084, 57.0
753,53.29594195699607,598.1875720238404,0.21641898602350476,0.084, 57.0
754,53.29621170976667,598.9621544241307,0.21655924281052769,0.084, 57.0
755,53.2964807580147,599.7367256705253,0.2166994067985694,0.084, 57.0
756,53.296749104491525,600.5112857703944,0.2168394781689192,0.084, 57.0
757,53.29701675193419,601.2858347310938,0.21697945710227712,0.084, 57.0
758,53.29728370306553,602.0603725599653,0.2171193437787563,0.084, 57.0
759,53.2975499605943,602.8348992643361,0.2172591383778857,0.084, 57.0
760,53.297815527215214,603.6094148515191,0.21739884107861282,0.084, 57.0
761,53.29808040560905,604.3839193288132,0.21753845205930628,0.084, 57.0
762,53.29834459844275,605.1584127035034,0.2176779714977585,0.084, 57.0
763,53.29860810836952,605.9328949828599,0.21781739957118823,0.084, 57.0
764,53.29887093802888,606.7073661741395,0.21795673645624314,0.084, 57.0
765,53.299133090046766,607.4818262845845,0.21809598232900243,0.084, 57.0
766,53.29939456703566,608.2562753214236,0.2182351373649794,0.084, 57.0
767,53.29965537159462,609.0307132918714,0.21837420173912397,0.084, 57.0
768,53.299915506309375,609.8051402031288,0.21851317562582517,0.084, 57.0
769,53.30017497375245,610.5795560623825,0.21865205919891378,0.084, 57.0
770,53.3004337764832,611.3539608768058,0.21879085263166462,0.084, 57.0
771,53.30069191704794,612.1283546535581,0.2189295560967993,0.084, 57.0
772,53.300949397979984,612.902737399785,0.21906816976648832,0.084, 57.0
773,53.30120622179976,613.6771091226186,0.21920669381235405,0.084, 57.0
774,53.30146239101488,614.4514698291773,0.21934512840547268,0.084, 57.0
775,53.30171790812022,615.2258195265659,0.2194834737163769,0.084, 57.0
776,53.301972775598,616.0001582218758,0.2196217299150582,0.084, 57.0
777,53.30222699591786,616.7744859221849,0.21975989717096947,0.084, 57.0
778,53.30248057153698,617.5488026345574,0.2198979756530271,0.084, 57.0
779,53.30273350490009,618.3231083660445,0.2200359655296136,0.084, 57.0
780,53.30298579843958,619.0974031236838,0.22017386696857985,0.084, 57.0
781,53.303237454575616,619.8716869144995,0.22031168013724742,0.084, 57.0
782,53.303488475716144,620.6459597455028,0.22044940520241094,0.084, 57.0
783,53.303738864257035,621.4202216236914,0.22058704233034046,0.084, 57.0
784,53.30398862258211,622.1944725560501,0.22072459168678377,0.084, 57.0
785,53.304237753063255,622.9687125495502,0.2208620534369685,0.084, 57.0
786,53.30448625806046,623.7429416111503,0.22099942774560466,0.084, 57.0
787,53.30473413992191,624.5171597477955,0.22113671477688682,0.084, 57.0
788,53.304981400984076,625.2913669664182,0.2212739146944962,0.084, 57.0
789,53.30522804357175,626.0655632739376,0.22141102766160314,0.084, 57.0
790,53.30547406999816,626.8397486772602,0.22154805384086929,0.084, 57.0
791,53.30571948256502,627.6139231832793,0.2216849933944497,0.084, 57.0
792,53.30596428356255,628.3880867988756,0.22182184648399514,0.084, 57.0
793,53.30620847526967,629.1622395309168,0.22195861327065425,0.084, 57.0
794,53.30645205995397,629.936381386258,0.22209529391507576,0.084, 57.0
795,53.306695039871805,630.7105123717412,0.22223188857741055,0.084, 57.0
796,53.30693741726837,631.4846324941961,0.222368397417314,0.084, 57.0
797,53.30717919437779,632.2587417604396,0.222504820593948,0.084, 57.0
798,53.30742037342312,633.032840177276,0.22264115826598294,0.084, 57.0
799,53.3076609566165,633.8069277514966,0.22277741059160025,0.084, 57.0
800,53.30790094615918,634.5810044898808,0.22291357772849402,0.084, 57.0
801,53.30814034424156,635.3550703991951,0.22304965983387345,0.084, 57.0
802,53.30837915304331,636.1291254861937,0.22318565706446483,0.084, 57.0
803,53.3086173747334,636.9031697576182,0.22332156957651358,0.084, 57.0
804,53.30885501147017,637.677203220198,0.2234573975257863,0.084, 57.0
805,53.30909206540142,638.4512258806499,0.22359314106757283,0.084, 57.0
806,53.30932853866445,639.2252377456786,0.22372880035668843,0.084, 57.0
807,53.309564433386115,639.9992388219764,0.22386437554747562,0.084, 57.0
808,53.30979975168291,640.7732291162234,0.2239998667938063,0.084, 57.0
809,53.31003449566102,641.5472086350876,0.2241352742490836,0.084, 57.0
810,53.31026866741642,642.3211773852245,0.22427059806624422,0.084, 57.0
811,53.310502269034885,643.0951353732778,0.22440583839776007,0.084, 57.0
812,53.31073530259206,643.8690826058789,0.22454099539564035,0.084, 57.0
813,53.310967770153525,644.6430190896473,0.22467606921143363,0.084, 57.0
814,53.3111996737749,645.4169448311903,0.2248110599962296,0.084, 57.0
815,53.311431015501874,646.1908598371034,0.22494596790066126,0.084, 57.0
816,53.31166179737021,646.9647641139701,0.22508079307490655,0.084, 57.0
817,53.31189202140591,647.7386576683618,0.22521553566869063,0.084, 57.0
818,53.31212168962518,648.5125405068383,0.22535019583128738,0.084, 57.0
819,53.312350804034544,649.2864126359473,0.22548477371152165,0.084, 57.0
820,53.31257936663091,650.0602740622248,0.225619269457771,0.084, 57.0
821,53.312807379401555,650.8341247921953,0.22575368321796754,0.084, 57.0
822,53.31303484432426,651.6079648323711,0.22588801513959994,0.084, 57.0
823,53.313261763367336,652.381794189253,0.22602226536971506,0.084, 57.0
824,53.313488138489696,653.1556128693302,0.22615643405492014,0.084, 57.0
825,53.31371397164087,653.9294208790801,0.22629052134138428,0.084, 57.0
826,53.3139392647611,654.7032182249687,0.22642452737484048,0.084, 57.0
827,53.314164019781416,655.4770049134504,0.22655845230058747,0.084, 57.0
828,53.31438823862359,656.250780950968,0.22669229626349133,0.084, 57.0
829,53.31461192320033,657.0245463439527,0.22682605940798756,0.084, 57.0
830,53.31483507541524,657.7983010988245,0.22695974187808265,0.084, 57.0
831,53.31505769716287,658.5720452219917,0.22709334381735596,0.084, 57.0
832,53.31527979032884,659.3457787198515,0.2272268653689615,0.084, 57.0
833,53.31550135678981,660.1195015987895,0.22736030667562965,0.084, 57.0
834,53.315722398413605,660.8932138651801,0.22749366787966893,0.084, 57.0
835,53.315942917059225,661.6669155253862,0.2276269491229677,0.084, 57.0
836,53.31616291457691,662.4406065857598,0.22776015054699603,0.084, 57.0
837,53.31638239280818,663.2142870526416,0.2278932722928072,0.084, 57.0
838,53.31660135358589,663.9879569323607,0.22802631450103977,0.084, 57.0
839,53.316819798734315,664.7616162312356,0.22815927731191885,0.084, 57.0
840,53.31703773006913,665.5352649555733,0.22829216086525808,0.084, 57.0
841,53.31725514939755,666.3089031116699,0.2284249653004613,0.084, 57.0
842,53.31747205851828,667.0825307058102,0.22855769075652416,0.084, 57.0
843,53.317688459221635,667.8561477442682,0.22869033737203573,0.084, 57.0
844,53.31790435328959,668.6297542333069,0.2288229052851804,0.084, 57.0
845,53.31811974249579,669.4033501791782,0.22895539463373926,0.084, 57.0
846,53.31833462860561,670.1769355881232,0.22908780555509184,0.084, 57.0
847,53.318549013376234,670.9505104663721,0.22922013818621798,0.084, 57.0
848,53.31876289855664,671.724074820144,0.229352392663699,0.084, 57.0
849,53.31897628588772,672.4976286556474,0.22948456912371973,0.084, 57.0
850,53.319189177102295,673.27117197908,0.22961666770206984,0.084, 57.0
851,53.31940157392513,674.0447047966286,0.22974868853414565,0.084, 57.0
852,53.31961347807303,674.8182271144692,0.22988063175495166,0.084, 57.0
853,53.31982489125486,675.5917389387673,0.230012497499102,0.084, 57.0
854,53.320035815171615,676.3652402756777,0.23014428590082217,0.084, 57.0
855,53.3202462515164,677.1387311313443,0.2302759970939506,0.084, 57.0
856,53.32045620197459,677.9122115119008,0.23040763121194013,0.084, 57.0
857,53.32066566822374,678.6856814234696,0.2305391883878596,0.084, 57.0
858,53.32087465193374,679.4591408721635,0.23067066875439546,0.084, 57.0
859,53.32108315476681,680.2325898640839,0.23080207244385312,0.084, 57.0
860,53.32129117837754,681.0060284053224,0.23093339958815873,0.084, 57.0
861,53.321498724412955,681.7794565019594,0.2310646503188605,0.084, 57.0
862,53.32170579451252,682.5528741600656,0.2311958247671303,0.084, 57.0
863,53.32191239030825,683.3262813857008,0.2313269230637652,0.084, 57.0
864,53.322118513424684,684.0996781849145,0.2314579453391889,0.084, 57.0
865,53.32232416547895,684.8730645637462,0.23158889172345315,0.084, 57.0
866,53.32252934808084,685.6464405282246,0.2317197623462395,0.084, 57.0
867,53.32273406283281,686.4198060843684,0.23185055733686044,0.084, 57.0
868,53.32293831133002,687.1931612381858,0.23198127682426117,0.084, 57.0
869,53.32314209516042,687.9665059956751,0.23211192093702077,0.084, 57.0
870,53.32334541590476,688.7398403628241,0.2322424898033539,0.084, 57.0
871,53.32354827513662,689.5131643456107,0.2323729835511121,0.084, 57.0
872,53.323750674422485,690.2864779500023,0.23250340230778535,0.084, 57.0
873,53.32395261532173,691.0597811819565,0.2326337462005033,0.084, 57.0
874,53.3241540993867,691.8330740474207,0.2327640153560369,0.084, 57.0
875,53.32435512816279,692.6063565523323,0.2328942099007998,0.084, 57.0
876,53.32455570318838,693.3796287026184,0.23302432996084949,0.084, 57.0
877,53.324755825994956,694.1528905041965,0.23315437566188907,0.084, 57.0
878,53.32495549810712,694.9261419629738,0.23328434712926843,0.084, 57.0
879,53.32515472104266,695.6993830848478,0.2334142444879857,0.084, 57.0
880,53.32535349631253,696.4726138757059,0.23354406786268855,0.084, 57.0
881,53.32555182542091,697.2458343414256,0.23367381737767573,0.084, 57.0
882,53.32574970986529,698.0190444878747,0.23380349315689827,0.084, 57.0
883,53.325947151136454,698.792244320911,0.23393309532396092,0.084, 57.0
884,53.32614415071854,699.5654338463826,0.23406262400212346,0.084, 57.0
885,53.32634071008906,700.3386130701277,0.23419207931430217,0.084, 57.0
886,53.32653683071894,701.1117819979751,0.234321461383071,0.084, 57.0
887,53.326732514072596,701.8849406357433,0.23445077033066292,0.084, 57.0
888,53.32692776160792,702.6580889892415,0.23458000627897144,0.084, 57.0
889,53.32712257477633,703.4312270642691,0.23470916934955172,0.084, 57.0
890,53.327316955022816,704.204354866616,0.2348382596636219,0.084, 57.0
891,53.32751090378598,704.9774724020622,0.2349672773420646,0.084, 57.0
892,53.327704422498044,705.7505796763783,0.23509622250542794,0.084, 57.0
893,53.327897512584926,706.5236766953253,0.23522509527392707,0.084, 57.0
894,53.32809017546624,707.2967634646548,0.2353538957674453,0.084, 57.0
895,53.32828241255533,708.0698399901086,0.23548262410553555,0.084, 57.0
896,53.32847422525933,708.8429062774192,0.23561128040742133,0.084, 57.0
897,53.328665614979194,709.6159623323096,0.23573986479199838,0.084, 57.0
898,53.328856583109705,710.3890081604933,0.23586837737783561,0.084, 57.0
899,53.32904713103954,711.1620437676745,0.2359968182831766,0.084, 57.0
900,53.32923726015126,711.935069159548,0.23612518762594067,0.084, 57.0
901,53.32942697182141,712.7080843417992,0.23625348552372422,0.084, 57.0
902,53.329616267420484,713.4810893201043,0.23638171209380193,0.084, 57.0
903,53.32980514831301,714.2540841001298,0.23650986745312802,0.084, 57.0
904,53.32999361585753,715.0270686875334,0.2366379517183374,0.084, 57.0
905,53.3301816714067,715.8000430879632,0.236765965005747,0.084, 57.0
906,53.33036931630727,716.5730073070583,0.23689390743135696,0.084, 57.0
907,53.33055655190012,717.3459613504485,0.2370217791108517,0.084, 57.0
908,53.33074337952031,718.1189052237544,0.23714958015960133,0.084, 57.0
909,53.3309298004971,718.8918389325873,0.2372773106926626,0.084, 57.0
910,53.33111581615401,719.6647624825498,0.23740497082478043,0.084, 57.0
911,53.33130142780878,720.4376758792349,0.23753256067038875,0.084, 57.0
912,53.33148663677349,721.2105791282269,0.2376600803436118,0.084, 57.0
913,53.33167144435454,721.9834722351007,0.23778752995826546,0.084, 57.0
914,53.331855851852694,722.7563552054226,0.23791490962785813,0.084, 57.0
915,53.33203986056307,723.5292280447494,0.23804221946559212,0.084, 57.0
916,53.33222347177526,724.3020907586293,0.23816945958436478,0.084, 57.0
917,53.33240668677327,725.0749433526014,0.2382966300967694,0.084, 57.0
918,53.332589506835596,725.8477858321958,0.23842373111509677,0.084, 57.0
919,53.332771933235236,726.6206182029338,0.23855076275133594,0.084, 57.0
920,53.33295396723973,727.3934404703277,0.23867772511717555,0.084, 57.0
921,53.333135610111206,728.1662526398811,0.23880461832400499,0.084, 57.0
922,53.33331686310636,728.9390547170887,0.23893144248291534,0.084, 57.0
923,53.33349772747653,729.711846707436,0.23905819770470066,0.084, 57.0
924,53.33367820446771,730.4846286164005,0.23918488409985905,0.084, 57.0
925,53.333858295320574,731.2574004494502,0.2393115017785936,0.084, 57.0
926,53.3340380012705,732.0301622120447,0.23943805085081382,0.084, 57.0
927,53.33421732354761,732.8029139096349,0.23956453142613643,0.084, 57.0
928,53.3343962633768,733.5756555476627,0.23969094361388663,0.084, 57.0
929,53.334574821977775,734.3483871315617,0.23981728752309905,0.084, 57.0
930,53.33475300056502,735.1211086667566,0.23994356326251898,0.084, 57.0
931,53.3349308003479,735.8938201586636,0.2400697709406033,0.084, 57.0
932,53.335108222530664,736.6665216126903,0.24019591066552162,0.084, 57.0
933,53.335285268312454,737.4392130342355,0.24032198254515738,0.084, 57.0
934,53.335461938887356,738.2118944286898,0.24044798668710884,0.084, 57.0
935,53.335638235444385,738.9845658014349,0.2405739231986902,0.084, 57.0
936,53.33581415916756,739.7572271578441,0.24069979218693252,0.084, 57.0
937,53.335989711235925,740.5298785032824,0.24082559375858495,0.084, 57.0
938,53.33616489282355,741.302519843106,0.2409513280201156,0.084, 57.0
939,53.33633970509955,742.0751511826629,0.2410769950777127,0.084, 57.0
940,53.33651414922816,742.8477725272926,0.24120259503728556,0.084, 57.0
941,53.33668822636871,743.6203838823262,0.24132812800446563,0.084, 57.0
942,53.336861937675685,744.3929852530864,0.24145359408460743,0.084, 57.0
943,53.337035284298736,745.1655766448876,0.24157899338278976,0.084, 57.0
944,53.3372082673827,745.9381580630355,0.24170432600381647,0.084, 57.0
945,53.33738088806761,746.7107295128282,0.2418295920522176,0.084, 57.0
946,53.33755314748877,747.4832909995547,0.24195479163225045,0.084, 57.0
947,53.33772504677675,748.2558425284964,0.2420799248479004,0.084, 57.0
948,53.3378965870574,749.028384104926,0.24220499180288196,0.084, 57.0
949,53.33806776945189,749.8009157341082,0.24232999260063992,0.084, 57.0
950,53.338238595076724,750.5734374212994,0.2424549273443501,0.084, 57.0
951,53.33840906504376,751.3459491717479,0.24257979613692043,0.084, 57.0
952,53.338579180460286,752.1184509906935,0.24270459908099196,0.084, 57.0
953,53.33874894242896,752.8909428833684,0.2428293362789397,0.084, 57.0
954,53.338918352047884,753.6634248549963,0.24295400783287377,0.084, 57.0
955,53.339087410410635,754.4358969107927,0.24307861384464022,0.084, 57.0
956,53.339256118606265,755.2083590559654,0.243203154415822,0.084, 57.0
957,53.33942447771933,755.9808112957139,0.24332762964773993,0.084, 57.0
958,53.3395924888299,756.7532536352296,0.24345203964145376,0.084, 57.0
959,53.339760153013636,757.5256860796961,0.24357638449776284,0.084, 57.0
960,53.339927471341746,758.2981086342888,0.24370066431720736,0.084, 57.0
961,53.34009444488102,759.0705213041753,0.24382487920006904,0.084, 57.0
962,53.34026107469392,759.8429240945148,0.24394902924637216,0.084, 57.0
963,53.3404273618385,760.6153170104593,0.24407311455588462,0.084, 57.0
964,53.34059330736851,761.3877000571522,0.24419713522811856,0.084, 57.0
965,53.34075891233337,762.1600732397293,0.2443210913623315,0.084, 57.0
966,53.34092417777822,762.9324365633186,0.24444498305752727,0.084, 57.0
967,53.34108910474392,763.70479003304,0.24456881041245668,0.084, 57.0
968,53.34125369426709,764.4771336540059,0.24469257352561877,0.084, 57.0
969,53.34141794738013,765.2494674313206,0.24481627249526136,0.084, 57.0
970,53.34158186511123,766.0217913700806,0.24493990741938224,0.084, 57.0
971,53.34174544848441,766.7941054753746,0.24506347839572978,0.084, 57.0
972,53.341908698519504,767.5664097522839,0.2451869855218041,0.084, 57.0
973,53.342071616232225,768.3387042058818,0.24531042889485777,0.084, 57.0
974,53.34223420263416,769.1109888412336,0.2454338086118967,0.084, 57.0
975,53.34239645873279,769.8832636633974,0.24555712476968108,0.084, 57.0
976,53.34255838553154,770.6555286774235,0.24568037746472624,0.084, 57.0
977,53.34271998402976,771.4277838883543,0.24580356679330348,0.084, 57.0
978,53.34288125522276,772.2000293012246,0.24592669285144095,0.084, 57.0
979,53.34304220010184,772.9722649210619,0.24604975573492452,0.084, 57.0
980,53.34320281965433,773.7444907528857,0.24617275553929857,0.084, 57.0
981,53.34336311486354,774.5167068017081,0.246295692359867,0.084, 57.0
982,53.343523086708856,775.2889130725338,0.24641856629169384,0.084, 57.0
983,53.34368273616572,776.0611095703596,0.2465413774296044,0.084, 57.0
984,53.343842064205646,776.833296300175,0.24666412586818579,0.084, 57.0
985,53.34400107179625,777.605473266962,0.24678681170178793,0.084, 57.0
986,53.3441597599013,778.377640475695,0.2469094350245244,0.084, 57.0
987,53.34431812948068,779.149797931341,0.24703199593027317,0.084, 57.0
988,53.34447618149044,779.9219456388596,0.24715449451267754,0.084, 57.0
989,53.34463391688281,780.6940836032028,0.24727693086514682,0.084, 57.0
990,53.344791336606235,781.4662118293153,0.2473993050808573,0.084, 57.0
991,53.344948441605354,782.2383303221344,0.24752161725275296,0.084, 57.0
992,53.34510523282106,783.01043908659,0.24764386747354628,0.084, 57.0
993,53.3452617111905,783.7825381276049,0.2477660558357191,0.084, 57.0
994,53.34541787764711,784.554627450094,0.2478881824315234,0.084, 57.0
995,53.34557373312058,785.3267070589653,0.24801024735298213,0.084, 57.0
996,53.34572927853695,786.0987769591194,0.24813225069188988,0.084, 57.0
997,53.345884514818565,786.8708371554495,0.24825419253981387,0.084, 57.0
998,53.34603944288414,787.6428876528418,0.2483760729880945,0.084, 57.0
999,53.34619406364873,788.4149284561748,0.24849789212784643,0.084, 57.0
1000,53.3463483780238,789.1869595703204,0.24861965004995906,0.084, 57.0
