tempo,temp,h,vazao,vazaoideal,tempideal+
1,50.68651280849207,1.1584503341224326,0.008854377448471463,0.084, 30.75
2,43.01234601250789,1.8608860245489809,0.009530084270099543,0.084, 30.75
3,39.6744817072944,2.551944671537392,0.012078636691474751,0.084, 30.75
4,37.79752229587529,3.238428609696171,0.014144697319085043,0.084, 30.75
5,36.59363250283743,3.9223869069903268,0.015934014026609235,0.084, 30.75
6,35.75601547814376,4.604692015821991,0.017536109417657087,0.084, 30.75
7,35.13981273205732,5.285817122854625,0.01900020668415068,0.084, 30.75
8,34.66765412985642,5.966049146800588,0.020357015066846187,0.084, 30.75
9,34.29443804037059,6.645577466167134,0.021627257179521544,0.084, 30.75
10,33.99210499424892,7.324531772033472,0.022825715177130886,0.084, 30.75
11,33.74227096950436,8.003008862659998,0.02396337394707649,0.084, 30.75
12,33.53239608532195,8.68108125364389,0.02504867052026003,0.084, 30.75
13,33.35364548675924,9.358800298692966,0.026088249659294526,0.084, 30.75
14,33.199597756477566,10.036210272627425,0.027087449924596607,0.084, 30.75
15,33.06548310895408,10.713345923481297,0.02805064857314337,0.084, 30.75
16,32.94768417902742,11.390235225963359,0.028981482370660987,0.084, 30.75
17,32.843403249865155,12.066903543544969,0.029883012594374203,0.084, 30.75
18,32.750452308306016,12.743368784109496,0.03075784839376652,0.084, 30.75
19,32.66709478014609,13.419643628318287,0.031608228559572654,0.084, 30.75
20,32.59191491168929,14.09574913475407,0.03243609194185012,0.084, 30.75
21,32.52378180229998,14.771690133201728,0.033243145641842005,0.084, 30.75
22,32.461743707556224,15.447484681515885,0.03403087578131094,0.084, 30.75
23,32.40502967239214,16.123135954172234,0.0348006149231712,0.084, 30.75
24,32.35298179301455,16.798655562543814,0.03555353510984672,0.084, 30.75
25,32.305049671673,17.47405082314541,0.03629069572360711,0.084, 30.75
26,32.260770919721885,18.1493242499649,0.03701304613963299,0.084, 30.75
27,32.219534246616576,18.82407671525504,0.03772143980811507,0.084, 30.75
28,32.180892936995754,19.49806520139062,0.03841624154541924,0.084, 30.75
29,32.14458723317044,20.171300190511186,0.03909793232114743,0.084, 30.75
30,32.11039127229382,20.843791489054595,0.039767196719608953,0.084, 30.75
31,32.07810057471139,21.515554849131536,0.04042466144251403,0.084, 30.75
32,32.04753940848342,22.18660150828079,0.04107090819755405,0.084, 30.75
33,32.01855586450298,22.856939089121433,0.04170646902159441,0.084, 30.75
34,31.99101549461919,23.526574690598242,0.04233183228478447,0.084, 30.75
35,31.964798857183556,24.195514917193268,0.04294744993294599,0.084, 30.75
36,31.939794852759444,24.863770584856223,0.04355374116546077,0.084, 30.75
37,31.91590535873804,25.53135047748309,0.0441510998034333,0.084, 30.75
38,31.893045386461257,26.198259536320865,0.04473989134357251,0.084, 30.75
39,31.871138436371293,26.86450229762512,0.04532045396559434,0.084, 30.75
40,31.850115454221612,27.530082910432057,0.04589310384070585,0.084, 30.75
41,31.829913937987303,28.195005152723752,0.0464581370717539,0.084, 30.75
42,31.810477170647893,28.859272446126475,0.04701583141850777,0.084, 30.75
43,31.79174878519291,29.52289324901574,0.04756644783643525,0.084, 30.75
44,31.773680913506777,30.185871310060058,0.04811023623640643,0.084, 30.75
45,31.75623083546743,30.84820878500641,0.04864742861353217,0.084, 30.75
46,31.739359422839257,31.509907513952662,0.04917824283913062,0.084, 30.75
47,31.723030763487845,32.170969029776806,0.04970288471601914,0.084, 30.75
48,31.707211831897652,32.8313945656415,0.05022154888028148,0.084, 30.75
49,31.691872199452547,33.49118506163258,0.050734419617714105,0.084, 30.75
50,31.67698377897499,34.150341170583125,0.05124167160458365,0.084, 30.75
51,31.662520598874117,34.80886326312885,0.051743470581066715,0.084, 30.75
52,31.648455562502225,35.466755221574026,0.05223997396466907,0.084, 30.75
53,31.63476512497957,36.12401838034646,0.052731334227112105,0.084, 30.75
54,31.62142868291303,36.78065205510828,0.053217694811210706,0.084, 30.75
55,31.60842705627294,37.43665528463873,0.0536991910657925,0.084, 30.75
56,31.595742363018434,38.092026831942675,0.054175951992703156,0.084, 30.75
57,31.583357906681883,38.74676518472599,0.05464810064059231,0.084, 30.75
58,31.57125807536489,39.40086855524993,0.05511575446714413,0.084, 30.75
59,31.559428250805738,40.054334879572956,0.055579025672744524,0.084, 30.75
60,31.54785472635504,40.70716181618499,0.05603802150824492,0.084, 30.75
61,31.536524632847133,41.359346744036294,0.056492844559190895,0.084, 30.75
62,31.525425871483908,42.0108867599595,0.05694359300862956,0.084, 30.75
63,31.514547052958626,42.66177867548059,0.057390360880384995,0.084, 30.75
64,31.503876125612702,43.312020806183895,0.05783323826449353,0.084, 30.75
65,31.493400922676205,43.96161211686944,0.058272312732590405,0.084, 30.75
66,31.48311192137316,44.61054832293529,0.05870766891950799,0.084, 30.75
67,31.473000107173927,45.25882482403474,0.059139386101972065,0.084, 30.75
68,31.497472129425244,45.83293772746329,0.059567540373968136,0.084, 30.75
69,31.539663502921947,46.36962323085725,0.059944159997727245,0.084, 30.75
70,31.58163531918326,46.90797478232737,0.06029409972210555,0.084, 30.75
71,31.623316720739886,47.447833642664975,0.060643097075713956,0.084, 30.75
72,31.664654818062395,47.98905292054253,0.06099106621124879,0.084, 30.75
73,31.7056063541367,48.53150425990612,0.06133793075227216,0.084, 30.75
74,31.746129162110194,49.07508764411953,0.06168362776277544,0.084, 30.75
75,31.786194423627023,49.6197057311361,0.062028113555862484,0.084, 30.75
76,31.82578076557674,50.16526977746602,0.062371347021858294,0.084, 30.75
77,31.864871599005035,50.71170111449565,0.06271329325233475,0.084, 30.75
78,31.903447926175687,51.25894272058696,0.06305392428212901,0.084, 30.75
79,31.941501316791737,51.806931295223265,0.0633932260521108,0.084, 30.75
80,31.979026215756395,52.35561001515936,0.06373118085792467,0.084, 30.75
81,32.016019425783064,52.90492784207104,0.06406777524768979,0.084, 30.75
82,32.052474830922996,53.45484968188583,0.06440299948619141,0.084, 30.75
83,32.08839329505066,54.00533354103089,0.06473685360797087,0.084, 30.75
84,32.12377717017342,54.5563411012438,0.0650693334038149,0.084, 30.75
85,32.15862993782798,55.1078375564152,0.0654004368665647,0.084, 30.75
86,32.192953174236834,55.659798082721885,0.0657301640377,0.084, 30.75
87,32.226751278119785,56.21219599147658,0.0660585207954689,0.084, 30.75
88,32.26003044855299,56.76500427549637,0.06638551171552241,0.084, 30.75
89,32.29279737944115,57.31819817021731,0.06671114101256939,0.084, 30.75
90,32.32503651149454,57.87170063859327,0.06703541404768854,0.084, 30.75
91,32.356644894929346,58.42522187861639,0.06735830557596971,0.084, 30.75
92,32.387631781484465,58.978735053125085,0.06767966751753089,0.084, 30.75
93,32.41800629973993,59.53221418116726,0.06799950608765484,0.084, 30.75
94,32.44778700780961,60.085659132554426,0.06831782777433365,0.084, 30.75
95,32.476991098236574,60.6390713159059,0.06863465360874393,0.084, 30.75
96,32.505633697446115,61.19245575128347,0.06895000501208845,0.084, 30.75
97,32.53373127636686,61.74581202655739,0.06926390496427866,0.084, 30.75
98,32.56129962335432,62.29913977178378,0.06957637287816963,0.084, 30.75
99,32.58835388362867,62.85243865517865,0.0698874277542667,0.084, 30.75
100,32.6149085953987,63.405708379191864,0.07019708819150554,0.084, 30.75
101,32.64097622753971,63.95895285860614,0.0705053723976311,0.084, 30.75
102,32.66656982124332,64.51217301122506,0.07081230051420956,0.084, 30.75
103,32.691702407626025,65.06536838001266,0.07111789060482633,0.084, 30.75
104,32.71638652111165,65.61853854659184,0.07142215959345527,0.084, 30.75
105,32.74063422493488,66.1716831278409,0.07172512406439462,0.084, 30.75
106,32.76445713485881,66.72480177276329,0.07202680027061266,0.084, 30.75
107,32.787865393717325,67.27789720511475,0.07232720414190391,0.084, 30.75
108,32.81086932830831,67.83097053349788,0.07262635293666479,0.084, 30.75
109,32.83347942936521,68.38402130863273,0.07292426269648693,0.084, 30.75
110,32.85570581457455,68.93704911413948,0.07322094830440813,0.084, 30.75
111,32.87755824609202,69.49005356400937,0.0735164243591086,0.084, 30.75
112,32.89904614695557,70.04303430022036,0.07381070518168985,0.084, 30.75
113,32.92017861651556,70.59599099057624,0.07410380482227127,0.084, 30.75
114,32.9409634007824,71.14892649944804,0.07439573706645548,0.084, 30.75
115,32.96140885418872,71.70184103011091,0.07468651710688301,0.084, 30.75
116,32.98152325334,72.25473418688553,0.07497615845560972,0.084, 30.75
117,33.00131460068849,72.80760559972158,0.07526467405265119,0.084, 30.75
118,33.02079063632309,73.36045492242576,0.07555207660295098,0.084, 30.75
119,33.039958849103044,73.91328183100443,0.0758383785818116,0.084, 30.75
120,33.05882648719194,74.4660860221437,0.0761235922401902,0.084, 30.75
121,33.07740043133991,75.01886764525084,0.07640772960987693,0.084, 30.75
122,33.095686645618684,75.57162909656127,0.0766908027301036,0.084, 30.75
123,33.11369176202534,76.12437002876881,0.07697282456276633,0.084, 30.75
124,33.131422206167876,76.67709011467282,0.07725380644509029,0.084, 30.75
125,33.1488842055525,77.22978904605051,0.07753375951796966,0.084, 30.75
126,33.16641687226142,77.78132108538504,0.07781269473042532,0.084, 30.75
127,33.18494609074459,78.32847326439223,0.0780900478492246,0.084, 30.75
128,33.204475188720494,78.87116121426655,0.07836422847146746,0.084, 30.75
129,33.22499956031299,79.40932792957747,0.07863522772395651,0.084, 30.75
130,33.2465137253765,79.94291967648698,0.07890305006575395,0.084, 30.75
131,33.26901061520966,80.4718878612535,0.07916770113270044,0.084, 30.75
132,33.29248141862236,80.99618931523568,0.0794291886419739,0.084, 30.75
133,33.316916521462325,81.5157831474624,0.07968752250079356,0.084, 30.75
134,33.34230351533821,82.0306364645441,0.07994271323116982,0.084, 30.75
135,33.36862858697006,82.54071955264583,0.08019477476008183,0.084, 30.75
136,33.395875956902636,83.04600690788888,0.08044372202308539,0.084, 30.75
137,33.42389116655065,83.5461692481354,0.08068957145491906,0.084, 30.75
138,33.45240620569749,84.04065601922908,0.08093219179692229,0.084, 30.75
139,33.48133992038652,84.52940052590012,0.0811713461260041,0.084, 30.75
140,33.510597004905726,85.0123259990527,0.08140703287327557,0.084, 30.75
141,33.5400635638442,85.489337934714,0.0816392452091868,0.084, 30.75
142,33.56960075838102,85.96031730587902,0.08186796744809034,0.084, 30.75
143,33.59903963457107,86.42510394073597,0.08209317192544649,0.084, 30.75
144,33.62816442187993,86.88348508860388,0.08231481123682238,0.084, 30.75
145,33.65670134204725,87.33516409482203,0.08253281305605999,0.084, 30.75
146,33.68427907853337,87.77972480640938,0.08274706559772406,0.084, 30.75
147,33.71039431659911,88.2165613734494,0.08295740126608654,0.084, 30.75
148,33.73430827728006,88.64475763949808,0.08316356420740054,0.084, 30.75
149,33.75490923727052,89.06287221621291,0.08336515458473433,0.084, 30.75
150,33.770342410425755,89.46845275180299,0.08356152931673219,0.084, 30.75
151,33.77726520335915,89.85698274982563,0.0837515772731556,0.084, 30.75
152,33.76851265276183,90.21869267857525,0.08393323208113894,0.084, 30.75
153,33.72445993138196,90.52667470448098,0.0841019946612463,0.084, 30.75
154,33.65275081821725,90.79442447595831,0.08424542300226945,0.084, 30.75
155,33.58145634850366,91.06221182800587,0.08436991690712474,0.084, 30.75
156,33.510577258514544,91.33002002838438,0.08449424481771324,0.084, 30.75
157,33.44010944743611,91.59785100918216,0.08461839971439625,0.084, 30.75
158,33.37004889764276,91.86570658481021,0.08474238325135706,0.084, 30.75
159,33.30039154111381,92.13358897340369,0.08486619701771207,0.084, 30.75
160,33.20262920291555,92.51502287055207,0.08498984277850413,0.084, 30.75
161,33.105675820860725,92.89644651726634,0.08516559042859553,0.084, 30.75
162,33.00948168922083,93.2780209786473,0.08534097144369568,0.084, 30.75
163,32.91403442259116,93.65976076706332,0.08551606191076591,0.084, 30.75
164,32.819321422644144,94.04168231370211,0.08569087024962323,0.084, 30.75
165,32.72533003554415,94.42380336830347,0.0858654056846775,0.084, 30.75
166,32.63204704491254,94.80614515095004,0.08603967796357093,0.084, 30.75
167,32.539459022605016,95.18873098521475,0.08621369833056974,0.084, 30.75
168,32.447551951154296,95.5715879616413,0.08638747889156644,0.084, 30.75
169,32.35631105877145,95.95474776781185,0.0865610333590853,0.084, 30.75
170,32.26572100480325,96.33824603806501,0.08673437741170711,0.084, 30.75
171,32.17576507565915,96.72212598290297,0.08690752838151766,0.084, 30.75
172,32.08642541672164,97.10643763429104,0.08708050687185734,0.084, 30.75
173,31.997682298062617,97.49124132851263,0.08725333638622891,0.084, 30.75
174,31.909513666251943,97.87661007093892,0.08742604486167374,0.084, 30.75
175,31.822251755815728,98.26102409797184,0.08759866568368271,0.084, 30.75
176,31.7361372533751,98.64333130520203,0.08777052061644042,0.084, 30.75
177,31.651217882194523,99.0232273306187,0.08794110059766048,0.084, 30.75
178,31.5675543331514,99.40034063679968,0.08811027762253679,0.084, 30.75
179,31.485225792320296,99.77420465096012,0.0882778947751083,0.084, 30.75
180,31.4043350913369,100.14423057423821,0.0884437541301548,0.084, 30.75
181,31.32501864006307,100.50965668720954,0.08860760507439684,0.084, 30.75
182,31.247459508676894,100.86948084112731,0.08876912235838107,0.084, 30.75
183,31.171908555263173,101.22235215280958,0.08892787694499617,0.084, 30.75
184,31.098718076062006,101.56639879763298,0.08908328916682562,0.084, 30.75
185,31.028396445365562,101.89894868542585,0.08923455421379337,0.084, 30.75
186,30.961700800039168,102.21605665391857,0.08938052123889963,0.084, 30.75
187,30.899803267999733,102.51165929245366,0.08951948861374945,0.084, 30.75
188,30.84455237037281,102.77624427746626,0.0896488376306596,0.084, 30.75
189,30.79893029511017,102.99453887131476,0.08976445594640095,0.084, 30.75
190,30.76715610321511,103.14497190267713,0.08985973429468327,0.084, 30.75
191,30.75244580703626,103.2109298123319,0.08992533456801752,0.084, 30.75
192,30.749981449367066,103.21602927096976,0.08995408216021562,0.084, 30.75
193,30.75004569146358,103.20896652761039,0.08995630436408572,0.084, 30.75
194,30.749998291379242,103.20204404181611,0.0899532266000762,0.084, 30.75
195,30.75000421048228,103.19489485268545,0.08995020985455444,0.084, 30.75
196,30.749999839720797,103.18775882723622,0.0899470942079317,0.084, 30.75
197,30.750000395056794,103.18060213988639,0.08994398419046891,0.084, 30.75
198,30.749999984885388,103.17344691285781,0.08994086506014434,0.084, 30.75
199,30.750000037261916,103.16628997243232,0.08993774645813654,0.084, 30.75
200,30.749999998568846,103.15913339458804,0.0899346270011651,0.084, 30.75
201,30.750000003528893,103.15197687999019,0.0899315075940335,0.084, 30.75
202,30.749999999863945,103.14482062446356,0.08992838810626616,0.084, 30.75
203,30.750000000335554,103.13766459966087,0.08992526862321816,0.084, 30.75
204,30.749999999987022,103.13050882412934,0.08992214913253248,0.084, 30.75
205,30.75000000003202,103.12335329517356,0.08991902964229397,0.084, 30.75
206,30.749999999998757,103.11619801455728,0.08991591015132754,0.084, 30.75
207,30.750000000003077,103.10904298202333,0.08991279066040211,0.084, 30.75
208,30.749999999999883,103.10188819774002,0.08990967116940551,0.084, 30.75
209,30.750000000000302,103.09473366168265,0.08990655167841116,0.084, 30.75
210,30.749999999999993,103.08757937386744,0.08990343218740829,0.084, 30.75
211,30.75000000000003,103.08042533429193,0.08990031269640394,0.084, 30.75
212,30.75,103.07327154295771,0.08989719320539706,0.084, 30.75
213,30.749999999999996,103.06611799986456,0.08989407371438835,0.084, 30.75
214,30.750000000000007,103.05896470501263,0.08989095422337769,0.084, 30.75
215,30.750000000000004,103.05181165840192,0.08988783473236515,0.084, 30.75
216,30.749999999999996,103.0446588600324,0.08988471524135075,0.084, 30.75
217,30.750000000000007,103.03750630990409,0.08988159575033446,0.084, 30.75
218,30.750000000000004,103.030354008017,0.08987847625931629,0.084, 30.75
219,30.75,103.0232019543711,0.08987535676829625,0.084, 30.75
220,30.750000000000004,103.0160501489664,0.08987223727727431,0.084, 30.75
221,30.749999999999996,103.00889859180292,0.0898691177862505,0.084, 30.75
222,30.750000000000007,103.00174728288064,0.08986599829522482,0.084, 30.75
223,30.75,102.9945962221996,0.08986287880419726,0.084, 30.75
224,30.749999999999996,102.98744540975973,0.08985975931316782,0.084, 30.75
225,30.75000000000001,102.98029484556109,0.08985663982213647,0.084, 30.75
226,30.75,102.97314452960369,0.08985352033110329,0.084, 30.75
227,30.75,102.96599446188745,0.0898504008400682,0.084, 30.75
228,30.749999999999996,102.95884464241242,0.08984728134903124,0.084, 30.75
229,30.750000000000007,102.9516950711786,0.08984416185799239,0.084, 30.75
230,30.750000000000004,102.94454574818603,0.08984104236695166,0.084, 30.75
231,30.749999999999993,102.93739667343465,0.08983792287590905,0.084, 30.75
232,30.75000000000003,102.9302478469245,0.08983480338486459,0.084, 30.75
233,30.75,102.92309926865566,0.08983168389381822,0.084, 30.75
234,30.750000000000004,102.91595093862789,0.08982856440277004,0.084, 30.75
235,30.75,102.90880285684135,0.0898254449117199,0.084, 30.75
236,30.750000000000004,102.90165502329599,0.0898223254206679,0.084, 30.75
237,30.749999999999996,102.89450743799186,0.089819205929614,0.084, 30.75
238,30.750000000000014,102.88736010092894,0.08981608643855823,0.084, 30.75
239,30.75,102.88021301210729,0.08981296694750057,0.084, 30.75
240,30.75,102.87306617152677,0.08980984745644106,0.084, 30.75
241,30.75,102.86591957918748,0.08980672796537964,0.084, 30.75
242,30.75,102.85877323508939,0.08980360847431632,0.084, 30.75
243,30.749999999999996,102.8516271392325,0.08980048898325113,0.084, 30.75
244,30.75000000000001,102.84448129161686,0.08979736949218406,0.084, 30.75
245,30.749999999999996,102.83733569224246,0.08979425000111511,0.084, 30.75
246,30.750000000000007,102.83019034110924,0.08979113051004431,0.084, 30.75
247,30.75,102.82304523821725,0.0897880110189716,0.084, 30.75
248,30.749999999999996,102.81590038356643,0.08978489152789702,0.084, 30.75
249,30.750000000000004,102.80875577715685,0.08978177203682053,0.084, 30.75
250,30.749999999999993,102.80161141898847,0.08977865254574217,0.084, 30.75
251,30.75000000000003,102.79446730906135,0.08977553305466193,0.084, 30.75
252,30.750000000000004,102.78732344737553,0.08977241356357982,0.084, 30.75
253,30.75,102.78017983393079,0.08976929407249587,0.084, 30.75
254,30.75,102.77303646872724,0.08976617458140997,0.084, 30.75
255,30.749999999999996,102.76589335176492,0.0897630550903222,0.084, 30.75
256,30.750000000000007,102.75875048304383,0.08975993559923252,0.084, 30.75
257,30.75,102.75160786256396,0.08975681610814099,0.084, 30.75
258,30.75,102.74446549032527,0.08975369661704757,0.084, 30.75
259,30.75,102.7373233663278,0.08975057712595225,0.084, 30.75
260,30.75,102.73018149057154,0.08974745763485505,0.084, 30.75
261,30.750000000000004,102.7230398630565,0.08974433814375596,0.084, 30.75
262,30.749999999999996,102.71589848378268,0.08974121865265498,0.084, 30.75
263,30.75000000000001,102.70875735275008,0.08973809916155213,0.084, 30.75
264,30.75,102.70161646995874,0.08973497967044738,0.084, 30.75
265,30.75,102.69447583540855,0.08973186017934079,0.084, 30.75
266,30.75,102.68733544909958,0.08972874068823228,0.084, 30.75
267,30.75,102.68019531103182,0.08972562119712188,0.084, 30.75
268,30.75,102.67305542120528,0.0897225017060096,0.084, 30.75
269,30.75,102.66591577961995,0.08971938221489544,0.084, 30.75
270,30.75,102.65877638627585,0.08971626272377939,0.084, 30.75
271,30.750000000000004,102.65163724117295,0.08971314323266144,0.084, 30.75
272,30.749999999999996,102.64449834431129,0.0897100237415416,0.084, 30.75
273,30.750000000000014,102.63735969569085,0.08970690425041991,0.084, 30.75
274,30.750000000000004,102.63022129531167,0.08970378475929633,0.084, 30.75
275,30.750000000000004,102.62308314317366,0.08970066526817087,0.084, 30.75
276,30.749999999999996,102.61594523927687,0.0896975457770435,0.084, 30.75
277,30.75000000000001,102.60880758362129,0.08969442628591426,0.084, 30.75
278,30.749999999999996,102.60167017620697,0.08969130679478313,0.084, 30.75
279,30.750000000000004,102.59453301703383,0.08968818730365012,0.084, 30.75
280,30.749999999999996,102.58739610610189,0.08968506781251522,0.084, 30.75
281,30.750000000000007,102.58025944341118,0.08968194832137842,0.084, 30.75
282,30.750000000000004,102.5731230289617,0.08967882883023974,0.084, 30.75
283,30.75,102.56598686275343,0.08967570933909917,0.084, 30.75
284,30.75,102.55885094478636,0.08967258984795672,0.084, 30.75
285,30.749999999999993,102.5517152750605,0.08966947035681237,0.084, 30.75
286,30.750000000000032,102.54457985357591,0.08966635086566611,0.084, 30.75
287,30.750000000000004,102.53744468033265,0.08966323137451802,0.084, 30.75
288,30.75,102.53030975533046,0.08966011188336807,0.084, 30.75
289,30.75,102.52317507856948,0.08965699239221617,0.084, 30.75
290,30.75,102.51604065004972,0.08965387290106239,0.084, 30.75
291,30.749999999999996,102.50890646977116,0.0896507534099067,0.084, 30.75
292,30.75000000000001,102.50177253773384,0.08964763391874914,0.084, 30.75
293,30.749999999999996,102.49463885393779,0.08964451442758968,0.084, 30.75
294,30.750000000000007,102.48750541838291,0.08964139493642835,0.084, 30.75
295,30.750000000000004,102.48037223106927,0.08963827544526512,0.084, 30.75
296,30.75,102.47323929199683,0.08963515595410002,0.084, 30.75
297,30.75,102.46610660116559,0.08963203646293302,0.084, 30.75
298,30.75,102.45897415857557,0.0896289169717641,0.084, 30.75
299,30.75,102.45184196422677,0.08962579748059331,0.084, 30.75
300,30.75,102.4447100181192,0.08962267798942063,0.084, 30.75
301,30.75,102.43757832025284,0.08961955849824606,0.084, 30.75
302,30.75,102.4304468706277,0.08961643900706959,0.084, 30.75
303,30.750000000000007,102.42331566924379,0.08961331951589123,0.084, 30.75
304,30.75,102.41618471610114,0.089610200024711,0.084, 30.75
305,30.75,102.40905401119967,0.0896070805335289,0.084, 30.75
306,30.75,102.40192355453942,0.08960396104234486,0.084, 30.75
307,30.749999999999996,102.3947933461204,0.08960084155115895,0.084, 30.75
308,30.750000000000004,102.3876633859426,0.08959772205997114,0.084, 30.75
309,30.75,102.38053367400603,0.08959460256878146,0.084, 30.75
310,30.75,102.37340421031067,0.08959148307758989,0.084, 30.75
311,30.75,102.36627499485652,0.08958836358639641,0.084, 30.75
312,30.75,102.3591460276436,0.08958524409520104,0.084, 30.75
313,30.75,102.3520173086719,0.08958212460400378,0.084, 30.75
314,30.75,102.34488883794143,0.08957900511280463,0.084, 30.75
315,30.750000000000004,102.33776061545217,0.0895758856216036,0.084, 30.75
316,30.75,102.33063264120415,0.08957276613040065,0.084, 30.75
317,30.749999999999996,102.32350491519733,0.08956964663919584,0.084, 30.75
318,30.750000000000007,102.31637743743177,0.08956652714798913,0.084, 30.75
319,30.75,102.30925020790744,0.08956340765678052,0.084, 30.75
320,30.750000000000004,102.3021232266243,0.08956028816557003,0.084, 30.75
321,30.749999999999993,102.2949964935824,0.08955716867435765,0.084, 30.75
322,30.75000000000003,102.28787000878177,0.08955404918314336,0.084, 30.75
323,30.750000000000004,102.28074377222244,0.08955092969192721,0.084, 30.75
324,30.749999999999996,102.2736177839042,0.0895478102007092,0.084, 30.75
325,30.75000000000001,102.2664920438272,0.08954469070948924,0.084, 30.75
326,30.75,102.25936655199145,0.0895415712182674,0.084, 30.75
327,30.750000000000004,102.25224130839688,0.08953845172704367,0.084, 30.75
328,30.749999999999996,102.24511631304354,0.08953533223581804,0.084, 30.75
329,30.75000000000001,102.23799156593142,0.0895322127445905,0.084, 30.75
330,30.75,102.23086706706057,0.08952909325336109,0.084, 30.75
331,30.75,102.2237428164309,0.08952597376212978,0.084, 30.75
332,30.75,102.21661881404245,0.08952285427089655,0.084, 30.75
333,30.75,102.20949505989522,0.08951973477966145,0.084, 30.75
334,30.75,102.20237155398921,0.08951661528842444,0.084, 30.75
335,30.75,102.19524829632444,0.08951349579718555,0.084, 30.75
336,30.75,102.18812528690088,0.08951037630594476,0.084, 30.75
337,30.75,102.18100252571855,0.08950725681470208,0.084, 30.75
338,30.75,102.17388001277745,0.08950413732345748,0.084, 30.75
339,30.750000000000004,102.16675774807757,0.08950101783221101,0.084, 30.75
340,30.749999999999996,102.15963573161893,0.08949789834096264,0.084, 30.75
341,30.75000000000001,102.15251396340153,0.08949477884971238,0.084, 30.75
342,30.749999999999996,102.1453924434254,0.08949165935846022,0.084, 30.75
343,30.750000000000007,102.13827117169043,0.08948853986720619,0.084, 30.75
344,30.750000000000007,102.13115014819672,0.08948542037595024,0.084, 30.75
345,30.75,102.12402937294425,0.0894823008846924,0.084, 30.75
346,30.75,102.11690884593295,0.08947918139343268,0.084, 30.75
347,30.75,102.1097885671629,0.08947606190217104,0.084, 30.75
348,30.75,102.10266853663406,0.0894729424109075,0.084, 30.75
349,30.75,102.09554875434645,0.08946982291964208,0.084, 30.75
350,30.75,102.08842922030007,0.08946670342837476,0.084, 30.75
351,30.75,102.08130993449491,0.08946358393710553,0.084, 30.75
352,30.75,102.07419089693099,0.0894604644458344,0.084, 30.75
353,30.75,102.06707210760828,0.0894573449545614,0.084, 30.75
354,30.75,102.05995356652681,0.08945422546328648,0.084, 30.75
355,30.75,102.05283527368657,0.08945110597200967,0.084, 30.75
356,30.749999999999996,102.04571722908756,0.08944798648073096,0.084, 30.75
357,30.750000000000007,102.0385994327298,0.08944486698945035,0.084, 30.75
358,30.750000000000004,102.03148188461327,0.08944174749816786,0.084, 30.75
359,30.75,102.02436458473797,0.08943862800688347,0.084, 30.75
360,30.75,102.01724753310387,0.0894355085155972,0.084, 30.75
361,30.75,102.01013072971101,0.08943238902430899,0.084, 30.75
362,30.75,102.00301417455937,0.08942926953301891,0.084, 30.75
363,30.750000000000004,101.99589786764896,0.08942615004172691,0.084, 30.75
364,30.749999999999996,101.98878180897981,0.08942303055043303,0.084, 30.75
365,30.750000000000004,101.98166599855188,0.08941991105913726,0.084, 30.75
366,30.749999999999996,101.97455043636518,0.08941679156783959,0.084, 30.75
367,30.750000000000007,101.9674351224197,0.08941367207654001,0.084, 30.75
368,30.750000000000007,101.96032005671547,0.08941055258523854,0.084, 30.75
369,30.75,101.95320523925248,0.08940743309393517,0.084, 30.75
370,30.75,101.94609067003069,0.08940431360262992,0.084, 30.75
371,30.749999999999996,101.93897634905012,0.08940119411132273,0.084, 30.75
372,30.75000000000001,101.93186227631081,0.08939807462001366,0.084, 30.75
373,30.750000000000007,101.92474845181276,0.0893949551287027,0.084, 30.75
374,30.750000000000007,101.91763487555592,0.08939183563738985,0.084, 30.75
375,30.750000000000004,101.91052154754031,0.08938871614607509,0.084, 30.75
376,30.749999999999996,101.90340846776591,0.08938559665475843,0.084, 30.75
377,30.750000000000004,101.89629563623275,0.08938247716343986,0.084, 30.75
378,30.75,101.88918305294082,0.0893793576721194,0.084, 30.75
379,30.75,101.8820707178901,0.08937623818079703,0.084, 30.75
380,30.75,101.87495863108062,0.08937311868947276,0.084, 30.75
381,30.750000000000004,101.86784679251237,0.08936999919814659,0.084, 30.75
382,30.75,101.86073520218537,0.08936687970681852,0.084, 30.75
383,30.75,101.85362386009957,0.08936376021548854,0.084, 30.75
384,30.750000000000004,101.84651276625502,0.08936064072415667,0.084, 30.75
385,30.749999999999993,101.83940192065171,0.0893575212328229,0.084, 30.75
386,30.750000000000025,101.83229132328968,0.08935440174148722,0.084, 30.75
387,30.749999999999996,101.82518097416896,0.08935128225014967,0.084, 30.75
388,30.750000000000007,101.81807087328936,0.08934816275881025,0.084, 30.75
389,30.749999999999996,101.810961020651,0.08934504326746888,0.084, 30.75
390,30.750000000000007,101.80385141625386,0.08934192377612561,0.084, 30.75
391,30.750000000000004,101.79674206009798,0.08933880428478044,0.084, 30.75
392,30.75,101.78963295218331,0.08933568479343337,0.084, 30.75
393,30.749999999999996,101.78252409250986,0.08933256530208439,0.084, 30.75
394,30.75000000000001,101.77541548107766,0.0893294458107335,0.084, 30.75
395,30.75,101.76830711788674,0.08932632631938073,0.084, 30.75
396,30.749999999999996,101.76119900293699,0.08932320682802607,0.084, 30.75
397,30.750000000000004,101.7540911362285,0.08932008733666946,0.084, 30.75
398,30.75,101.74698351776124,0.08931696784531097,0.084, 30.75
399,30.75,101.73987614753518,0.08931384835395059,0.084, 30.75
400,30.75,101.73276902555037,0.08931072886258828,0.084, 30.75
401,30.75,101.72566215180679,0.08930760937122408,0.084, 30.75
402,30.750000000000004,101.71855552630444,0.08930448987985797,0.084, 30.75
403,30.75,101.71144914904336,0.08930137038848994,0.084, 30.75
404,30.750000000000004,101.70434302002349,0.08929825089712004,0.084, 30.75
405,30.75,101.69723713924488,0.08929513140574823,0.084, 30.75
406,30.75,101.69013150670747,0.08929201191437451,0.084, 30.75
407,30.75,101.6830261224113,0.08928889242299888,0.084, 30.75
408,30.75,101.67592098635639,0.08928577293162133,0.084, 30.75
409,30.750000000000004,101.6688160985427,0.08928265344024192,0.084, 30.75
410,30.749999999999996,101.66171145897027,0.08927953394886058,0.084, 30.75
411,30.75000000000001,101.65460706763908,0.08927641445747735,0.084, 30.75
412,30.750000000000007,101.64750292454916,0.08927329496609221,0.084, 30.75
413,30.750000000000004,101.64039902970046,0.08927017547470519,0.084, 30.75
414,30.749999999999993,101.63329538309297,0.08926705598331626,0.084, 30.75
415,30.750000000000025,101.62619198472676,0.08926393649192539,0.084, 30.75
416,30.749999999999996,101.61908883460185,0.08926081700053265,0.084, 30.75
417,30.75000000000001,101.61198593271808,0.08925769750913805,0.084, 30.75
418,30.749999999999996,101.6048832790756,0.08925457801774146,0.084, 30.75
419,30.750000000000007,101.5977808736743,0.08925145852634302,0.084, 30.75
420,30.750000000000004,101.59067871651426,0.08924833903494263,0.084, 30.75
421,30.750000000000004,101.58357680759545,0.08924521954354037,0.084, 30.75
422,30.75,101.57647514691787,0.08924210005213619,0.084, 30.75
423,30.75,101.56937373448152,0.08923898056073008,0.084, 30.75
424,30.750000000000004,101.5622725702864,0.08923586106932209,0.084, 30.75
425,30.75,101.55517165433253,0.08923274157791217,0.084, 30.75
426,30.749999999999996,101.54807098661988,0.08922962208650036,0.084, 30.75
427,30.750000000000007,101.54097056714849,0.08922650259508662,0.084, 30.75
428,30.75,101.53387039591836,0.089223383103671,0.084, 30.75
429,30.750000000000004,101.52677047292943,0.08922026361225346,0.084, 30.75
430,30.749999999999996,101.51967079818176,0.08921714412083402,0.084, 30.75
431,30.750000000000004,101.51257137167534,0.08921402462941268,0.084, 30.75
432,30.749999999999993,101.50547219341014,0.08921090513798942,0.084, 30.75
433,30.75000000000003,101.49837326338623,0.08920778564656426,0.084, 30.75
434,30.750000000000004,101.49127458160365,0.08920466615513721,0.084, 30.75
435,30.75,101.48417614806218,0.08920154666370829,0.084, 30.75
436,30.75,101.47707796276192,0.08919842717227741,0.084, 30.75
437,30.75,101.46998002570292,0.08919530768084459,0.084, 30.75
438,30.75,101.46288233688516,0.0891921881894099,0.084, 30.75
439,30.750000000000004,101.45578489630864,0.08918906869797329,0.084, 30.75
440,30.75,101.44868770397338,0.08918594920653476,0.084, 30.75
441,30.750000000000004,101.44159075987933,0.08918282971509434,0.084, 30.75
442,30.75,101.43449406402655,0.089179710223652,0.084, 30.75
443,30.75,101.42739761641499,0.08917659073220775,0.084, 30.75
444,30.749999999999996,101.42030141704468,0.0891734712407616,0.084, 30.75
445,30.750000000000007,101.41320546591562,0.08917035174931354,0.084, 30.75
446,30.750000000000007,101.40610976302783,0.08916723225786358,0.084, 30.75
447,30.750000000000004,101.39901430838128,0.0891641127664117,0.084, 30.75
448,30.75,101.39191910197596,0.08916099327495794,0.084, 30.75
449,30.75,101.38482414381185,0.08915787378350225,0.084, 30.75
450,30.75,101.37772943388899,0.08915475429204463,0.084, 30.75
451,30.75,101.37063497220737,0.0891516348005851,0.084, 30.75
452,30.75,101.36354075876699,0.08914851530912368,0.084, 30.75
453,30.749999999999996,101.35644679356786,0.08914539581766033,0.084, 30.75
454,30.75000000000001,101.34935307660999,0.08914227632619509,0.084, 30.75
455,30.749999999999996,101.3422596078934,0.08913915683472792,0.084, 30.75
456,30.750000000000007,101.33516638741801,0.0891360373432589,0.084, 30.75
457,30.75,101.3280734151839,0.08913291785178791,0.084, 30.75
458,30.75,101.32098069119098,0.08912979836031504,0.084, 30.75
459,30.750000000000007,101.3138882154393,0.08912667886884025,0.084, 30.75
460,30.750000000000004,101.30679598792892,0.08912355937736352,0.084, 30.75
461,30.75,101.29970400865976,0.08912043988588492,0.084, 30.75
462,30.750000000000004,101.29261227763182,0.0891173203944044,0.084, 30.75
463,30.749999999999996,101.28552079484514,0.08911420090292195,0.084, 30.75
464,30.750000000000007,101.27842956029971,0.0891110814114376,0.084, 30.75
465,30.75,101.27133857399555,0.08910796191995134,0.084, 30.75
466,30.749999999999993,101.2642478359326,0.08910484242846319,0.084, 30.75
467,30.750000000000025,101.25715734611093,0.08910172293697309,0.084, 30.75
468,30.749999999999996,101.25006710453059,0.08909860344548111,0.084, 30.75
469,30.750000000000007,101.24297711119138,0.08909548395398724,0.084, 30.75
470,30.750000000000004,101.23588736609344,0.08909236446249141,0.084, 30.75
471,30.75,101.22879786923673,0.0890892449709937,0.084, 30.75
472,30.750000000000004,101.22170862062124,0.08908612547949406,0.084, 30.75
473,30.750000000000004,101.21461962024702,0.0890830059879925,0.084, 30.75
474,30.749999999999996,101.20753086811405,0.08907988649648903,0.084, 30.75
475,30.750000000000014,101.20044236422233,0.08907676700498364,0.084, 30.75
476,30.749999999999996,101.1933541085719,0.08907364751347635,0.084, 30.75
477,30.750000000000007,101.18626610116266,0.08907052802196716,0.084, 30.75
478,30.75,101.17917834199469,0.08906740853045604,0.084, 30.75
479,30.750000000000004,101.17209083106793,0.089064289038943,0.084, 30.75
480,30.75,101.16500356838245,0.08906116954742806,0.084, 30.75
481,30.75,101.15791655393818,0.08905805005591119,0.084, 30.75
482,30.75,101.15082978773516,0.08905493056439241,0.084, 30.75
483,30.750000000000004,101.1437432697734,0.08905181107287172,0.084, 30.75
484,30.749999999999996,101.13665700005289,0.08904869158134911,0.084, 30.75
485,30.750000000000007,101.12957097857364,0.0890455720898246,0.084, 30.75
486,30.750000000000004,101.12248520533565,0.08904245259829816,0.084, 30.75
487,30.749999999999996,101.1153996803389,0.08903933310676981,0.084, 30.75
488,30.750000000000007,101.10831440358339,0.08903621361523956,0.084, 30.75
489,30.750000000000004,101.10122937506915,0.08903309412370738,0.084, 30.75
490,30.749999999999993,101.09414459479615,0.08902997463217331,0.084, 30.75
491,30.75000000000003,101.08706006276442,0.08902685514063731,0.084, 30.75
492,30.749999999999996,101.07997577897405,0.08902373564909939,0.084, 30.75
493,30.750000000000007,101.07289174342478,0.08902061615755963,0.084, 30.75
494,30.750000000000004,101.06580795611679,0.08901749666601788,0.084, 30.75
495,30.749999999999996,101.05872441705002,0.08901437717447422,0.084, 30.75
496,30.75000000000001,101.0516411262245,0.08901125768292863,0.084, 30.75
497,30.75,101.04455808364027,0.08900813819138113,0.084, 30.75
498,30.75,101.03747528929723,0.08900501869983174,0.084, 30.75
499,30.750000000000004,101.03039274319545,0.0890018992082804,0.084, 30.75
500,30.749999999999993,101.02331044533494,0.08899877971672715,0.084, 30.75
501,30.75000000000003,101.01622839571571,0.088995660225172,0.084, 30.75
502,30.749999999999996,101.00914659433784,0.08899254073361493,0.084, 30.75
503,30.75000000000001,101.00206504120108,0.088989421242056,0.084, 30.75
504,30.749999999999993,100.9949837363056,0.08898630175049509,0.084, 30.75
505,30.75000000000003,100.98790267965137,0.08898318225893227,0.084, 30.75
506,30.75,100.98082187123849,0.08898006276736754,0.084, 30.75
507,30.75,100.97374131106672,0.08897694327580094,0.084, 30.75
508,30.75,100.9666609991362,0.08897382378423235,0.084, 30.75
509,30.75,100.95958093544692,0.08897070429266185,0.084, 30.75
510,30.749999999999996,100.9525011199989,0.08896758480108943,0.084, 30.75
511,30.750000000000007,100.94542155279215,0.08896446530951509,0.084, 30.75
512,30.75,100.93834223382667,0.08896134581793885,0.084, 30.75
513,30.75,100.93126316310241,0.08895822632636069,0.084, 30.75
514,30.75,100.9241843406194,0.0889551068347806,0.084, 30.75
515,30.749999999999996,100.91710576637765,0.08895198734319859,0.084, 30.75
516,30.750000000000007,100.91002744037716,0.08894886785161467,0.084, 30.75
517,30.750000000000004,100.90294936261795,0.08894574836002883,0.084, 30.75
518,30.749999999999993,100.89587153309996,0.08894262886844108,0.084, 30.75
519,30.750000000000032,100.88879395182327,0.0889395093768514,0.084, 30.75
520,30.75,100.88171661878795,0.08893638988525983,0.084, 30.75
521,30.75,100.8746395339937,0.08893327039366637,0.084, 30.75
522,30.75,100.86756269744072,0.08893015090207092,0.084, 30.75
523,30.749999999999993,100.86048610912898,0.08892703141047358,0.084, 30.75
524,30.750000000000025,100.85340976905856,0.0889239119188743,0.084, 30.75
525,30.75,100.84633367722947,0.08892079242727312,0.084, 30.75
526,30.749999999999996,100.8392578336415,0.08891767293567006,0.084, 30.75
527,30.75000000000001,100.8321822382948,0.08891455344406503,0.084, 30.75
528,30.750000000000004,100.8251068911894,0.08891143395245807,0.084, 30.75
529,30.75,100.81803179232521,0.08890831446084921,0.084, 30.75
530,30.75,100.81095694170226,0.08890519496923842,0.084, 30.75
531,30.750000000000004,100.80388233932057,0.0889020754776257,0.084, 30.75
532,30.749999999999996,100.79680798518014,0.08889895598601108,0.084, 30.75
533,30.750000000000007,100.78973387928097,0.08889583649439452,0.084, 30.75
534,30.750000000000004,100.78266002162307,0.08889271700277604,0.084, 30.75
535,30.750000000000004,100.77558641220642,0.08888959751115566,0.084, 30.75
536,30.75,100.76851305103102,0.08888647801953334,0.084, 30.75
537,30.75,100.76143993809686,0.08888335852790911,0.084, 30.75
538,30.750000000000004,100.75436707340396,0.08888023903628295,0.084, 30.75
539,30.749999999999996,100.74729445695232,0.08887711954465487,0.084, 30.75
540,30.750000000000007,100.74022208874194,0.08887400005302486,0.084, 30.75
541,30.750000000000004,100.73314996877285,0.08887088056139295,0.084, 30.75
542,30.749999999999993,100.72607809704499,0.0888677610697591,0.084, 30.75
543,30.750000000000032,100.71900647355842,0.08886464157812334,0.084, 30.75
544,30.750000000000004,100.71193509831322,0.08886152208648568,0.084, 30.75
545,30.749999999999996,100.70486397130912,0.08885840259484613,0.084, 30.75
546,30.750000000000004,100.69779309254629,0.0888552831032046,0.084, 30.75
547,30.749999999999996,100.69072246202471,0.08885216361156115,0.084, 30.75
548,30.750000000000004,100.68365207974439,0.08884904411991576,0.084, 30.75
549,30.75,100.67658194570534,0.08884592462826847,0.084, 30.75
550,30.750000000000004,100.66951205990752,0.08884280513661925,0.084, 30.75
551,30.749999999999993,100.66244242235098,0.08883968564496811,0.084, 30.75
552,30.750000000000025,100.65537303303573,0.08883656615331502,0.084, 30.75
553,30.749999999999993,100.64830389196182,0.08883344666166007,0.084, 30.75
554,30.75000000000003,100.64123499912908,0.08883032717000319,0.084, 30.75
555,30.750000000000004,100.6341663545377,0.08882720767834437,0.084, 30.75
556,30.75,100.62709795818745,0.08882408818668366,0.084, 30.75
557,30.750000000000004,100.62002981007844,0.08882096869502099,0.084, 30.75
558,30.749999999999993,100.6129619102107,0.08881784920335636,0.084, 30.75
559,30.75000000000003,100.60589425858426,0.08881472971168983,0.084, 30.75
560,30.750000000000004,100.59882685519916,0.08881161022002138,0.084, 30.75
561,30.749999999999996,100.5917597000552,0.08880849072835105,0.084, 30.75
562,30.750000000000007,100.58469279315251,0.08880537123667875,0.084, 30.75
563,30.750000000000004,100.5776261344911,0.08880225174500452,0.084, 30.75
564,30.749999999999996,100.57055972407092,0.08879913225332838,0.084, 30.75
565,30.75000000000001,100.563493561892,0.08879601276165029,0.084, 30.75
566,30.749999999999993,100.55642764795438,0.08879289326997028,0.084, 30.75
567,30.750000000000032,100.54936198225802,0.08878977377828837,0.084, 30.75
568,30.75,100.54229656480304,0.08878665428660454,0.084, 30.75
569,30.749999999999996,100.53523139558915,0.08878353479491881,0.084, 30.75
570,30.75000000000001,100.52816647461654,0.0887804153032311,0.084, 30.75
571,30.75,100.52110180188522,0.08877729581154147,0.084, 30.75
572,30.749999999999996,100.51403737739511,0.08877417631984992,0.084, 30.75
573,30.750000000000007,100.50697320114628,0.08877105682815642,0.084, 30.75
574,30.75,100.49990927313873,0.08876793733646102,0.084, 30.75
575,30.749999999999996,100.49284559337241,0.08876481784476369,0.084, 30.75
576,30.750000000000007,100.48578216184737,0.08876169835306442,0.084, 30.75
577,30.75,100.4787189785636,0.08875857886136322,0.084, 30.75
578,30.75,100.47165604352107,0.08875545936966012,0.084, 30.75
579,30.749999999999996,100.46459335671979,0.08875233987795507,0.084, 30.75
580,30.75000000000001,100.45753091815979,0.08874922038624808,0.084, 30.75
581,30.75,100.4504687278411,0.08874610089453919,0.084, 30.75
582,30.749999999999996,100.44340678576361,0.08874298140282838,0.084, 30.75
583,30.750000000000014,100.43634509192741,0.08873986191111562,0.084, 30.75
584,30.749999999999993,100.42928364633252,0.08873674241940094,0.084, 30.75
585,30.750000000000032,100.42222244897887,0.08873362292768436,0.084, 30.75
586,30.749999999999996,100.4151614998666,0.08873050343596584,0.084, 30.75
587,30.75000000000001,100.40810079899545,0.08872738394424544,0.084, 30.75
588,30.75,100.4010403463656,0.08872426445252304,0.084, 30.75
589,30.749999999999996,100.39398014197697,0.08872114496079873,0.084, 30.75
590,30.75000000000001,100.38692018582961,0.0887180254690725,0.084, 30.75
591,30.75,100.37986047792356,0.08871490597734431,0.084, 30.75
592,30.749999999999996,100.37280101825871,0.08871178648561423,0.084, 30.75
593,30.750000000000014,100.36574180683515,0.08870866699388219,0.084, 30.75
594,30.75,100.3586828436529,0.08870554750214824,0.084, 30.75
595,30.75,100.35162412871185,0.08870242801041237,0.084, 30.75
596,30.75,100.34456566201206,0.08869930851867454,0.084, 30.75
597,30.75,100.33750744355353,0.0886961890269348,0.084, 30.75
598,30.75,100.33044947333627,0.08869306953519311,0.084, 30.75
599,30.75,100.32339175136028,0.08868995004344948,0.084, 30.75
600,30.75,100.31633427762554,0.08868683055170394,0.084, 30.75
601,30.75,100.30927705213207,0.08868371105995647,0.084, 30.75
602,30.749999999999996,100.30222007487988,0.08868059156820705,0.084, 30.75
603,30.750000000000007,100.29516334586897,0.08867747207645571,0.084, 30.75
604,30.750000000000004,100.28810686509934,0.08867435258470246,0.084, 30.75
605,30.749999999999993,100.28105063257095,0.08867123309294728,0.084, 30.75
606,30.75000000000003,100.27399464828387,0.08866811360119016,0.084, 30.75
607,30.749999999999996,100.26693891223816,0.08866499410943113,0.084, 30.75
608,30.75000000000001,100.25988342443358,0.08866187461767021,0.084, 30.75
609,30.749999999999996,100.25282818487031,0.0886587551259073,0.084, 30.75
610,30.750000000000004,100.24577319354826,0.08865563563414247,0.084, 30.75
611,30.749999999999996,100.23871845046749,0.08865251614237571,0.084, 30.75
612,30.750000000000007,100.23166395562798,0.088649396650607,0.084, 30.75
613,30.750000000000007,100.22460970902975,0.08864627715883637,0.084, 30.75
614,30.750000000000004,100.2175557106728,0.08864315766706381,0.084, 30.75
615,30.749999999999996,100.2105019605571,0.08864003817528932,0.084, 30.75
616,30.75000000000001,100.20344845868266,0.0886369186835129,0.084, 30.75
617,30.750000000000004,100.19639520504953,0.08863379919173453,0.084, 30.75
618,30.749999999999996,100.18934219965763,0.08863067969995427,0.084, 30.75
619,30.750000000000007,100.182289442507,0.08862756020817203,0.084, 30.75
620,30.750000000000004,100.17523693359765,0.08862444071638788,0.084, 30.75
621,30.749999999999996,100.16818467292956,0.08862132122460178,0.084, 30.75
622,30.750000000000007,100.16113266050273,0.08861820173281378,0.084, 30.75
623,30.749999999999996,100.1540808963172,0.08861508224102381,0.084, 30.75
624,30.750000000000007,100.14702938037291,0.08861196274923194,0.084, 30.75
625,30.750000000000004,100.13997811266991,0.08860884325743813,0.084, 30.75
626,30.750000000000004,100.13292709320815,0.08860572376564237,0.084, 30.75
627,30.75,100.12587632198768,0.08860260427384468,0.084, 30.75
628,30.749999999999996,100.11882579900845,0.08859948478204506,0.084, 30.75
629,30.75000000000001,100.11177552427051,0.08859636529024349,0.084, 30.75
630,30.749999999999996,100.10472549777388,0.08859324579844001,0.084, 30.75
631,30.750000000000007,100.09767571951848,0.08859012630663461,0.084, 30.75
632,30.750000000000007,100.09062618950436,0.08858700681482724,0.084, 30.75
633,30.75,100.08357690773153,0.08858388732301796,0.084, 30.75
634,30.75,100.07652787419993,0.08858076783120676,0.084, 30.75
635,30.750000000000004,100.06947908890959,0.08857764833939359,0.084, 30.75
636,30.749999999999996,100.06243055186054,0.08857452884757848,0.084, 30.75
637,30.750000000000007,100.05538226305276,0.08857140935576145,0.084, 30.75
638,30.749999999999996,100.04833422248628,0.08856828986394248,0.084, 30.75
639,30.750000000000007,100.04128643016104,0.08856517037212158,0.084, 30.75
640,30.75,100.03423888607709,0.08856205088029875,0.084, 30.75
641,30.749999999999996,100.02719159023438,0.088558931388474,0.084, 30.75
642,30.75000000000001,100.02014454263296,0.08855581189664728,0.084, 30.75
643,30.749999999999996,100.01309774327285,0.08855269240481864,0.084, 30.75
644,30.750000000000007,100.00605119215398,0.08854957291298808,0.084, 30.75
645,30.750000000000007,99.99900488927639,0.08854645342115557,0.084, 30.75
646,30.75,99.99195883464009,0.08854333392932112,0.084, 30.75
647,30.75,99.98491302824502,0.08854021443748475,0.084, 30.75
648,30.749999999999996,99.97786747009123,0.08853709494564643,0.084, 30.75
649,30.750000000000007,99.97082216017871,0.08853397545380616,0.084, 30.75
650,30.75,99.96377709850749,0.08853085596196397,0.084, 30.75
651,30.750000000000004,99.9567322850775,0.08852773647011986,0.084, 30.75
652,30.749999999999996,99.94968771988881,0.08852461697827377,0.084, 30.75
653,30.75000000000001,99.9426434029414,0.08852149748642578,0.084, 30.75
654,30.75,99.93559933423529,0.08851837799457583,0.084, 30.75
655,30.75,99.9285555137704,0.08851525850272397,0.084, 30.75
656,30.75,99.9215119415468,0.08851213901087014,0.084, 30.75
657,30.75,99.91446861756447,0.0885090195190144,0.084, 30.75
658,30.75,99.9074255418234,0.0885059000271567,0.084, 30.75
659,30.75,99.90038271432361,0.08850278053529705,0.084, 30.75
660,30.750000000000004,99.8933401350651,0.08849966104343548,0.084, 30.75
661,30.75,99.88629780404789,0.08849654155157197,0.084, 30.75
662,30.75,99.87925572127193,0.08849342205970653,0.084, 30.75
663,30.75,99.87221388673724,0.08849030256783916,0.084, 30.75
664,30.749999999999996,99.86517230044383,0.08848718307596982,0.084, 30.75
665,30.750000000000007,99.85813096239171,0.08848406358409856,0.084, 30.75
666,30.750000000000004,99.85108987258089,0.08848094409222537,0.084, 30.75
667,30.749999999999996,99.84404903101132,0.08847782460035024,0.084, 30.75
668,30.75000000000001,99.83700843768304,0.08847470510847318,0.084, 30.75
669,30.750000000000004,99.82996809259606,0.08847158561659417,0.084, 30.75
670,30.749999999999996,99.82292799575033,0.08846846612471324,0.084, 30.75
671,30.750000000000007,99.81588814714587,0.08846534663283034,0.084, 30.75
672,30.75,99.80884854678271,0.08846222714094552,0.084, 30.75
673,30.750000000000004,99.80180919466079,0.08845910764905875,0.084, 30.75
674,30.75,99.79477009078016,0.08845598815717004,0.084, 30.75
675,30.750000000000004,99.7877312351408,0.0884528686652794,0.084, 30.75
676,30.749999999999996,99.78069262774272,0.08844974917338681,0.084, 30.75
677,30.750000000000004,99.77365426858593,0.08844662968149226,0.084, 30.75
678,30.75,99.76661615767041,0.0884435101895958,0.084, 30.75
679,30.750000000000004,99.75957829499616,0.0884403906976974,0.084, 30.75
680,30.749999999999993,99.7525406805632,0.08843727120579704,0.084, 30.75
681,30.750000000000025,99.74550331437155,0.08843415171389477,0.084, 30.75
682,30.75,99.73846619642126,0.08843103222199054,0.084, 30.75
683,30.75,99.73142932671212,0.08842791273008443,0.084, 30.75
684,30.75,99.72439270524426,0.08842479323817631,0.084, 30.75
685,30.749999999999996,99.71735633201767,0.08842167374626625,0.084, 30.75
686,30.75000000000001,99.71032020703238,0.08841855425435426,0.084, 30.75
687,30.749999999999996,99.70328433028841,0.08841543476244032,0.084, 30.75
688,30.750000000000004,99.69624870178568,0.08841231527052446,0.084, 30.75
689,30.750000000000004,99.68921332152422,0.08840919577860663,0.084, 30.75
690,30.749999999999996,99.68217818950404,0.08840607628668688,0.084, 30.75
691,30.75000000000001,99.67514330572514,0.08840295679476518,0.084, 30.75
692,30.75,99.66810867018756,0.08839983730284152,0.084, 30.75
693,30.749999999999996,99.6610742828912,0.08839671781091596,0.084, 30.75
694,30.750000000000007,99.65404014383616,0.08839359831898841,0.084, 30.75
695,30.75,99.6470062530224,0.08839047882705894,0.084, 30.75
696,30.750000000000004,99.63997261044989,0.08838735933512755,0.084, 30.75
697,30.749999999999996,99.63293921611867,0.08838423984319417,0.084, 30.75
698,30.750000000000007,99.62590607002873,0.08838112035125888,0.084, 30.75
699,30.750000000000004,99.6188731721801,0.08837800085932161,0.084, 30.75
700,30.75,99.61184052257273,0.08837488136738245,0.084, 30.75
701,30.750000000000004,99.60480812120663,0.08837176187544131,0.084, 30.75
702,30.749999999999996,99.59777596808182,0.08836864238349824,0.084, 30.75
703,30.750000000000007,99.59074406319829,0.08836552289155321,0.084, 30.75
704,30.75,99.58371240655606,0.08836240339960626,0.084, 30.75
705,30.75,99.57668099815508,0.08835928390765736,0.084, 30.75
706,30.75,99.56964983799539,0.0883561644157065,0.084, 30.75
707,30.749999999999996,99.56261892607696,0.0883530449237537,0.084, 30.75
708,30.750000000000007,99.55558826239985,0.08834992543179895,0.084, 30.75
709,30.75,99.54855784696403,0.08834680593984227,0.084, 30.75
710,30.749999999999996,99.54152767976946,0.08834368644788364,0.084, 30.75
711,30.750000000000007,99.5344977608162,0.08834056695592307,0.084, 30.75
712,30.75,99.52746809010422,0.08833744746396055,0.084, 30.75
713,30.75,99.5204386676335,0.08833432797199608,0.084, 30.75
714,30.75,99.51340949340405,0.08833120848002968,0.084, 30.75
715,30.749999999999996,99.5063805674159,0.08832808898806131,0.084, 30.75
716,30.750000000000004,99.49935188966904,0.08832496949609102,0.084, 30.75
717,30.749999999999996,99.49232346016348,0.08832185000411875,0.084, 30.75
718,30.75000000000001,99.48529527889919,0.08831873051214457,0.084, 30.75
719,30.75,99.47826734587622,0.08831561102016844,0.084, 30.75
720,30.750000000000004,99.47123966109449,0.08831249152819036,0.084, 30.75
721,30.75,99.46421222455405,0.08830937203621034,0.084, 30.75
722,30.750000000000007,99.45718503625488,0.08830625254422836,0.084, 30.75
723,30.75,99.45015809619704,0.08830313305224444,0.084, 30.75
724,30.75,99.44313140438045,0.08830001356025857,0.084, 30.75
725,30.75,99.43610496080514,0.08829689406827076,0.084, 30.75
726,30.750000000000004,99.4290787654711,0.088293774576281,0.084, 30.75
727,30.750000000000004,99.42205281837838,0.08829065508428927,0.084, 30.75
728,30.749999999999996,99.41502711952694,0.08828753559229562,0.084, 30.75
729,30.75000000000001,99.40800166891678,0.08828441610030002,0.084, 30.75
730,30.75,99.40097646654795,0.08828129660830247,0.084, 30.75
731,30.75,99.39395151242034,0.08827817711630298,0.084, 30.75
732,30.750000000000004,99.38692680653403,0.08827505762430153,0.084, 30.75
733,30.750000000000004,99.37990234888902,0.08827193813229814,0.084, 30.75
734,30.75,99.3728781394853,0.08826881864029279,0.084, 30.75
735,30.749999999999996,99.36585417832283,0.08826569914828551,0.084, 30.75
736,30.750000000000007,99.35883046540168,0.08826257965627626,0.084, 30.75
737,30.75,99.35180700072183,0.08825946016426507,0.084, 30.75
738,30.749999999999996,99.34478378428324,0.08825634067225194,0.084, 30.75
739,30.750000000000007,99.33776081608595,0.08825322118023685,0.084, 30.75
740,30.750000000000007,99.33073809612996,0.08825010168821981,0.084, 30.75
741,30.750000000000004,99.32371562441527,0.08824698219620085,0.084, 30.75
742,30.749999999999996,99.31669340094184,0.08824386270417993,0.084, 30.75
743,30.75000000000001,99.30967142570971,0.08824074321215705,0.084, 30.75
744,30.75,99.3026496987189,0.08823762372013222,0.084, 30.75
745,30.75,99.29562821996932,0.08823450422810547,0.084, 30.75
746,30.750000000000004,99.28860698946102,0.08823138473607674,0.084, 30.75
747,30.749999999999996,99.28158600719402,0.08822826524404606,0.084, 30.75
748,30.750000000000007,99.27456527316832,0.08822514575201341,0.084, 30.75
749,30.75,99.26754478738393,0.08822202625997885,0.084, 30.75
750,30.75,99.26052454984078,0.08821890676794233,0.084, 30.75
751,30.749999999999996,99.25350456053893,0.08821578727590383,0.084, 30.75
752,30.75000000000001,99.24648481947838,0.08821266778386341,0.084, 30.75
753,30.75,99.23946532665916,0.08820954829182102,0.084, 30.75
754,30.75,99.23244608208117,0.0882064287997767,0.084, 30.75
755,30.75,99.22542708574447,0.08820330930773042,0.084, 30.75
756,30.75,99.21840833764907,0.08820018981568219,0.084, 30.75
757,30.750000000000004,99.21138983779495,0.088197070323632,0.084, 30.75
758,30.75,99.20437158618215,0.08819395083157985,0.084, 30.75
759,30.75,99.1973535828106,0.08819083133952578,0.084, 30.75
760,30.750000000000004,99.19033582768036,0.08818771184746974,0.084, 30.75
761,30.749999999999993,99.18331832079143,0.08818459235541172,0.084, 30.75
762,30.75000000000003,99.17630106214382,0.0881814728633518,0.084, 30.75
763,30.75,99.16928405173759,0.08817835337128992,0.084, 30.75
764,30.750000000000004,99.16226728957251,0.08817523387922613,0.084, 30.75
765,30.75,99.15525077564874,0.08817211438716034,0.084, 30.75
766,30.749999999999996,99.14823450996624,0.08816899489509258,0.084, 30.75
767,30.75000000000001,99.14121849252506,0.08816587540302288,0.084, 30.75
768,30.749999999999996,99.13420272332519,0.08816275591095123,0.084, 30.75
769,30.750000000000007,99.12718720236658,0.08815963641887764,0.084, 30.75
770,30.75,99.12017192964929,0.08815651692680207,0.084, 30.75
771,30.75,99.11315690517324,0.08815339743472457,0.084, 30.75
772,30.749999999999996,99.10614212893849,0.08815027794264509,0.084, 30.75
773,30.750000000000004,99.09912760094505,0.08814715845056367,0.084, 30.75
774,30.749999999999996,99.09211332119291,0.0881440389584803,0.084, 30.75
775,30.75000000000001,99.08509928968206,0.08814091946639498,0.084, 30.75
776,30.749999999999996,99.07808550641253,0.08813779997430769,0.084, 30.75
777,30.75000000000001,99.07107197138427,0.08813468048221848,0.084, 30.75
778,30.749999999999996,99.06405868459733,0.0881315609901273,0.084, 30.75
779,30.75000000000001,99.05704564605165,0.08812844149803417,0.084, 30.75
780,30.749999999999996,99.0500328557473,0.08812532200593907,0.084, 30.75
781,30.750000000000007,99.04302031368421,0.08812220251384205,0.084, 30.75
782,30.75,99.03600801986242,0.08811908302174304,0.084, 30.75
783,30.75,99.0289959742819,0.08811596352964209,0.084, 30.75
784,30.75,99.02198417694267,0.08811284403753916,0.084, 30.75
785,30.75,99.01497262784473,0.0881097245454343,0.084, 30.75
786,30.75,99.00796132698808,0.08810660505332746,0.084, 30.75
787,30.75,99.00095027437274,0.08810348556121866,0.084, 30.75
788,30.750000000000004,98.9939394699987,0.08810036606910794,0.084, 30.75
789,30.75,98.98692891386595,0.08809724657699523,0.084, 30.75
790,30.750000000000004,98.97991860597449,0.08809412708488058,0.084, 30.75
791,30.749999999999996,98.97290854632435,0.08809100759276398,0.084, 30.75
792,30.750000000000014,98.9658987349155,0.08808788810064543,0.084, 30.75
793,30.75,98.958889171748,0.08808476860852492,0.084, 30.75
794,30.75,98.95187985682172,0.08808164911640247,0.084, 30.75
795,30.750000000000004,98.94487079013673,0.08807852962427803,0.084, 30.75
796,30.75,98.93786197169307,0.08807541013215164,0.084, 30.75
797,30.75,98.93085340149068,0.08807229064002331,0.084, 30.75
798,30.750000000000004,98.92384507952958,0.088069171147893,0.084, 30.75
799,30.75,98.9168370058098,0.08806605165576074,0.084, 30.75
800,30.75,98.90982918033129,0.08806293216362653,0.084, 30.75
801,30.75,98.90282160309408,0.08805981267149036,0.084, 30.75
802,30.75,98.89581427409817,0.08805669317935222,0.084, 30.75
803,30.749999999999996,98.88880719334355,0.08805357368721214,0.084, 30.75
804,30.75000000000001,98.88180036083025,0.08805045419507009,0.084, 30.75
805,30.749999999999996,98.87479377655829,0.0880473347029261,0.084, 30.75
806,30.750000000000007,98.8677874405276,0.08804421521078015,0.084, 30.75
807,30.75,98.8607813527382,0.08804109571863224,0.084, 30.75
808,30.749999999999996,98.85377551319007,0.08803797622648238,0.084, 30.75
809,30.75000000000001,98.84676992188326,0.08803485673433054,0.084, 30.75
810,30.749999999999996,98.83976457881779,0.08803173724217675,0.084, 30.75
811,30.75000000000001,98.83275948399358,0.08802861775002102,0.084, 30.75
812,30.75,98.82575463741071,0.08802549825786332,0.084, 30.75
813,30.75,98.81875003906907,0.08802237876570367,0.084, 30.75
814,30.750000000000004,98.81174568896874,0.08801925927354204,0.084, 30.75
815,30.749999999999996,98.80474158710972,0.08801613978137844,0.084, 30.75
816,30.750000000000007,98.797737733492,0.0880130202892129,0.084, 30.75
817,30.75,98.7907341281156,0.0880099007970454,0.084, 30.75
818,30.75,98.78373077098047,0.08800678130487596,0.084, 30.75
819,30.749999999999996,98.77672766208663,0.08800366181270454,0.084, 30.75
820,30.750000000000007,98.76972480143411,0.08800054232053114,0.084, 30.75
821,30.750000000000004,98.76272218902291,0.0879974228283558,0.084, 30.75
822,30.749999999999996,98.75571982485299,0.08799430333617853,0.084, 30.75
823,30.75000000000001,98.74871770892436,0.08799118384399926,0.084, 30.75
824,30.75,98.74171584123708,0.08798806435181802,0.084, 30.75
825,30.75,98.73471422179104,0.08798494485963487,0.084, 30.75
826,30.75,98.7277128505863,0.08798182536744972,0.084, 30.75
827,30.750000000000004,98.72071172762286,0.0879787058752626,0.084, 30.75
828,30.749999999999996,98.71371085290073,0.08797558638307354,0.084, 30.75
829,30.75000000000001,98.70671022641991,0.0879724668908825,0.084, 30.75
830,30.749999999999996,98.69970984818043,0.08796934739868953,0.084, 30.75
831,30.750000000000007,98.69270971818221,0.08796622790649458,0.084, 30.75
832,30.750000000000004,98.68570983642532,0.08796310841429768,0.084, 30.75
833,30.75,98.67871020290971,0.08795998892209882,0.084, 30.75
834,30.749999999999993,98.67171081763539,0.08795686942989799,0.084, 30.75
835,30.75000000000003,98.66471168060241,0.08795374993769518,0.084, 30.75
836,30.75,98.65771279181084,0.08795063044549044,0.084, 30.75
837,30.749999999999996,98.65071415126042,0.08794751095328378,0.084, 30.75
838,30.750000000000007,98.64371575895132,0.08794439146107509,0.084, 30.75
839,30.750000000000004,98.63671761488354,0.08794127196886445,0.084, 30.75
840,30.749999999999996,98.62971971905704,0.08793815247665185,0.084, 30.75
841,30.75000000000001,98.62272207147184,0.08793503298443729,0.084, 30.75
842,30.750000000000004,98.61572467212798,0.08793191349222075,0.084, 30.75
843,30.749999999999996,98.6087275210254,0.08792879400000227,0.084, 30.75
844,30.750000000000007,98.60173061816411,0.08792567450778181,0.084, 30.75
845,30.750000000000007,98.59473396354414,0.08792255501555939,0.084, 30.75
846,30.75,98.58773755716548,0.08791943552333502,0.084, 30.75
847,30.750000000000004,98.5807413990281,0.08791631603110867,0.084, 30.75
848,30.749999999999996,98.57374548913204,0.08791319653888034,0.084, 30.75
849,30.750000000000004,98.56674982747727,0.08791007704665008,0.084, 30.75
850,30.750000000000004,98.5597544140638,0.08790695755441782,0.084, 30.75
851,30.75,98.55275924889165,0.08790383806218363,0.084, 30.75
852,30.75,98.54576433196078,0.08790071856994745,0.084, 30.75
853,30.75,98.53876966327122,0.08789759907770932,0.084, 30.75
854,30.750000000000004,98.53177524282296,0.08789447958546921,0.084, 30.75
855,30.75,98.52478107061603,0.08789136009322714,0.084, 30.75
856,30.75,98.51778714665038,0.08788824060098312,0.084, 30.75
857,30.750000000000004,98.51079347092603,0.08788512110873711,0.084, 30.75
858,30.75,98.50380004344301,0.08788200161648915,0.084, 30.75
859,30.750000000000004,98.49680686420128,0.08787888212423922,0.084, 30.75
860,30.749999999999996,98.48981393320086,0.08787576263198733,0.084, 30.75
861,30.750000000000007,98.48282125044176,0.08787264313973348,0.084, 30.75
862,30.75,98.47582881592399,0.08786952364747765,0.084, 30.75
863,30.75,98.46883662964748,0.08786640415521989,0.084, 30.75
864,30.749999999999996,98.46184469161228,0.08786328466296013,0.084, 30.75
865,30.750000000000004,98.4548530018184,0.08786016517069839,0.084, 30.75
866,30.749999999999996,98.44786156026584,0.08785704567843472,0.084, 30.75
867,30.75000000000001,98.44087036695457,0.08785392618616907,0.084, 30.75
868,30.75,98.43387942188465,0.08785080669390145,0.084, 30.75
869,30.75,98.42688872505599,0.08784768720163187,0.084, 30.75
870,30.75,98.41989827646863,0.08784456770936032,0.084, 30.75
871,30.75,98.41290807612258,0.0878414482170868,0.084, 30.75
872,30.75,98.40591812401783,0.0878383287248113,0.084, 30.75
873,30.749999999999996,98.39892842015439,0.08783520923253384,0.084, 30.75
874,30.75000000000001,98.39193896453229,0.08783208974025442,0.084, 30.75
875,30.749999999999996,98.38494975715152,0.08782897024797304,0.084, 30.75
876,30.75000000000001,98.37796079801203,0.08782585075568969,0.084, 30.75
877,30.750000000000004,98.37097208711388,0.08782273126340437,0.084, 30.75
878,30.75,98.363983624457,0.08781961177111709,0.084, 30.75
879,30.750000000000004,98.35699541004142,0.08781649227882785,0.084, 30.75
880,30.75,98.35000744386717,0.0878133727865366,0.084, 30.75
881,30.750000000000004,98.34301972593421,0.08781025329424341,0.084, 30.75
882,30.749999999999996,98.33603225624258,0.08780713380194825,0.084, 30.75
883,30.75000000000001,98.32904503479224,0.08780401430965112,0.084, 30.75
884,30.750000000000004,98.32205806158326,0.08780089481735202,0.084, 30.75
885,30.749999999999996,98.31507133661556,0.08779777532505097,0.084, 30.75
886,30.750000000000014,98.30808485988916,0.08779465583274794,0.084, 30.75
887,30.749999999999993,98.30109863140413,0.08779153634044293,0.084, 30.75
888,30.750000000000036,98.29411265116039,0.08778841684813599,0.084, 30.75
889,30.749999999999993,98.28712691915808,0.08778529735582706,0.084, 30.75
890,30.75000000000003,98.28014143539696,0.0877821778635162,0.084, 30.75
891,30.75,98.27315619987723,0.08777905837120334,0.084, 30.75
892,30.750000000000007,98.26617121259868,0.08777593887888854,0.084, 30.75
893,30.750000000000004,98.25918647356147,0.0877728193865717,0.084, 30.75
894,30.75,98.25220198276556,0.08776969989425291,0.084, 30.75
895,30.750000000000007,98.24521774021093,0.08776658040193215,0.084, 30.75
896,30.75,98.23823374589766,0.0877634609096094,0.084, 30.75
897,30.75,98.23124999982566,0.08776034141728471,0.084, 30.75
898,30.749999999999996,98.22426650199498,0.08775722192495802,0.084, 30.75
899,30.75000000000001,98.21728325240562,0.08775410243262936,0.084, 30.75
900,30.750000000000004,98.21030025105762,0.08775098294029875,0.084, 30.75
901,30.75,98.20331749795089,0.08774786344796617,0.084, 30.75
902,30.75,98.19633499308546,0.0877447439556316,0.084, 30.75
903,30.750000000000004,98.18935273646133,0.08774162446329507,0.084, 30.75
904,30.749999999999996,98.18237072807854,0.08773850497095656,0.084, 30.75
905,30.750000000000004,98.17538896793705,0.08773538547861608,0.084, 30.75
906,30.749999999999996,98.16840745603689,0.08773226598627364,0.084, 30.75
907,30.750000000000004,98.16142619237803,0.08772914649392922,0.084, 30.75
908,30.75,98.1544451769605,0.08772602700158283,0.084, 30.75
909,30.750000000000004,98.14746440978425,0.08772290750923446,0.084, 30.75
910,30.750000000000004,98.14048389084934,0.08771978801688411,0.084, 30.75
911,30.749999999999996,98.13350362015574,0.0877166685245318,0.084, 30.75
912,30.75000000000001,98.12652359770345,0.08771354903217753,0.084, 30.75
913,30.75,98.11954382349252,0.08771042953982126,0.084, 30.75
914,30.750000000000004,98.11256429752285,0.08770731004746306,0.084, 30.75
915,30.75,98.10558501979452,0.08770419055510285,0.084, 30.75
916,30.750000000000004,98.09860599030748,0.08770107106274068,0.084, 30.75
917,30.75,98.09162720906177,0.08769795157037653,0.084, 30.75
918,30.75,98.08464867605736,0.0876948320780104,0.084, 30.75
919,30.75,98.07767039129426,0.0876917125856423,0.084, 30.75
920,30.749999999999996,98.07069235477248,0.08768859309327223,0.084, 30.75
921,30.75000000000001,98.06371456649202,0.08768547360090018,0.084, 30.75
922,30.750000000000007,98.05673702645292,0.08768235410852618,0.084, 30.75
923,30.75,98.04975973465513,0.0876792346161502,0.084, 30.75
924,30.75,98.04278269109861,0.08767611512377224,0.084, 30.75
925,30.750000000000004,98.0358058957834,0.0876729956313923,0.084, 30.75
926,30.75,98.02882934870952,0.08766987613901035,0.084, 30.75
927,30.75,98.02185304987695,0.08766675664662647,0.084, 30.75
928,30.75,98.01487699928569,0.08766363715424061,0.084, 30.75
929,30.75,98.00790119693575,0.08766051766185275,0.084, 30.75
930,30.749999999999996,98.00092564282713,0.08765739816946293,0.084, 30.75
931,30.750000000000007,97.99395033695984,0.08765427867707114,0.084, 30.75
932,30.75,97.98697527933389,0.08765115918467738,0.084, 30.75
933,30.75,97.98000046994922,0.08764803969228165,0.084, 30.75
934,30.749999999999996,97.97302590880587,0.08764492019988392,0.084, 30.75
935,30.75000000000001,97.96605159590385,0.08764180070748422,0.084, 30.75
936,30.75,97.95907753124318,0.08763868121508255,0.084, 30.75
937,30.749999999999996,97.95210371482378,0.08763556172267892,0.084, 30.75
938,30.75000000000001,97.94513014664571,0.08763244223027329,0.084, 30.75
939,30.75,97.938156826709,0.0876293227378657,0.084, 30.75
940,30.75,97.93118375501356,0.08762620324545613,0.084, 30.75
941,30.749999999999996,97.92421093155944,0.08762308375304458,0.084, 30.75
942,30.750000000000004,97.91723835634666,0.08761996426063104,0.084, 30.75
943,30.75,97.9102660293752,0.08761684476821555,0.084, 30.75
944,30.749999999999996,97.90329395064502,0.08761372527579807,0.084, 30.75
945,30.750000000000007,97.89632212015619,0.08761060578337859,0.084, 30.75
946,30.75,97.8893505379087,0.08760748629095716,0.084, 30.75
947,30.75,97.88237920390249,0.08760436679853374,0.084, 30.75
948,30.750000000000004,97.8754081181376,0.08760124730610835,0.084, 30.75
949,30.75,97.86843728061405,0.08759812781368098,0.084, 30.75
950,30.750000000000004,97.8614666913318,0.08759500832125162,0.084, 30.75
951,30.749999999999996,97.85449635029089,0.08759188882882028,0.084, 30.75
952,30.75000000000001,97.8475262574913,0.08758876933638698,0.084, 30.75
953,30.749999999999996,97.84055641293305,0.08758564984395172,0.084, 30.75
954,30.750000000000007,97.8335868166161,0.08758253035151446,0.084, 30.75
955,30.75,97.82661746854049,0.08757941085907522,0.084, 30.75
956,30.75,97.81964836870617,0.08757629136663402,0.084, 30.75
957,30.75,97.81267951711317,0.08757317187419081,0.084, 30.75
958,30.75,97.80571091376149,0.08757005238174563,0.084, 30.75
959,30.75,97.79874255865113,0.08756693288929847,0.084, 30.75
960,30.749999999999996,97.79177445178209,0.08756381339684932,0.084, 30.75
961,30.750000000000007,97.78480659315439,0.0875606939043982,0.084, 30.75
962,30.75,97.77783898276802,0.08755757441194512,0.084, 30.75
963,30.750000000000004,97.77087162062294,0.08755445491949004,0.084, 30.75
964,30.749999999999996,97.7639045067192,0.08755133542703299,0.084, 30.75
965,30.750000000000014,97.75693764105678,0.08754821593457393,0.084, 30.75
966,30.749999999999993,97.74997102363574,0.08754509644211292,0.084, 30.75
967,30.750000000000025,97.743004654456,0.08754197694964995,0.084, 30.75
968,30.749999999999996,97.73603853351767,0.087538857457185,0.084, 30.75
969,30.750000000000007,97.72907266082055,0.08753573796471809,0.084, 30.75
970,30.750000000000004,97.72210703636476,0.08753261847224915,0.084, 30.75
971,30.75,97.71514166015028,0.08752949897977823,0.084, 30.75
972,30.75,97.7081765321771,0.08752637948730532,0.084, 30.75
973,30.750000000000004,97.70121165244525,0.08752325999483045,0.084, 30.75
974,30.75,97.69424702095475,0.08752014050235357,0.084, 30.75
975,30.75,97.68728263770555,0.08751702100987471,0.084, 30.75
976,30.749999999999996,97.68031850269767,0.0875139015173939,0.084, 30.75
977,30.750000000000014,97.67335461593115,0.08751078202491107,0.084, 30.75
978,30.749999999999996,97.666390977406,0.08750766253242628,0.084, 30.75
979,30.75000000000001,97.65942758712211,0.08750454303993954,0.084, 30.75
980,30.750000000000004,97.65246444507959,0.08750142354745079,0.084, 30.75
981,30.75,97.64550155127836,0.08749830405496006,0.084, 30.75
982,30.75,97.63853890571843,0.08749518456246734,0.084, 30.75
983,30.75,97.63157650839983,0.08749206506997265,0.084, 30.75
984,30.750000000000004,97.62461435932255,0.08748894557747594,0.084, 30.75
985,30.75,97.61765245848662,0.08748582608497726,0.084, 30.75
986,30.750000000000004,97.61069080589199,0.08748270659247662,0.084, 30.75
987,30.749999999999996,97.60372940153871,0.08747958709997397,0.084, 30.75
988,30.750000000000007,97.59676824542676,0.08747646760746935,0.084, 30.75
989,30.750000000000004,97.58980733755615,0.08747334811496277,0.084, 30.75
990,30.749999999999993,97.58284667792685,0.08747022862245418,0.084, 30.75
991,30.750000000000032,97.57588626653892,0.08746710912994363,0.084, 30.75
992,30.75,97.56892610339241,0.08746398963743109,0.084, 30.75
993,30.750000000000004,97.56196618848708,0.08746087014491662,0.084, 30.75
994,30.750000000000004,97.55500652182307,0.08745775065240008,0.084, 30.75
995,30.75,97.5480471034004,0.08745463115988157,0.084, 30.75
996,30.749999999999996,97.54108793321905,0.08745151166736109,0.084, 30.75
997,30.75000000000001,97.53412901127903,0.0874483921748386,0.084, 30.75
998,30.750000000000004,97.52717033758039,0.08744527268231414,0.084, 30.75
999,30.75,97.52021191212303,0.08744215318978772,0.084, 30.75
1000,30.749999999999996,97.51325373490698,0.08743903369725929,0.084, 30.75
