tempo,temp,h,vazao,vazaoideal,tempideal+
1,-5.319308177178269,2.158158475531111,0.012521980673998822,0.084, 57.0
2,13.595696980694546,2.8692420669858123,0.013007675598723975,0.084, 57.0
3,24.93923064549113,3.576899024784207,0.01499828583711111,0.084, 57.0
4,32.41472133588521,4.274732378354962,0.016746010974052355,0.084, 57.0
5,37.73571702304219,4.966665839912359,0.018306802518818763,0.084, 57.0
6,41.724787146657356,5.6546158929071275,0.019732881235367757,0.084, 57.0
7,44.444468549236895,6.279378103398708,0.02105521042411875,0.084, 57.0
8,46.24625429276564,6.82829096656722,0.022187907591894707,0.084, 57.0
9,47.5726115774936,7.336330770170051,0.02313737262047854,0.084, 57.0
10,48.60483604491328,7.817989325547871,0.02398266733249936,0.084, 57.0
11,49.435834138272945,8.280629994244345,0.02475743046285202,0.084, 57.0
12,50.120673100355425,8.728658666992429,0.025479430754017183,0.084, 57.0
13,50.69497308775554,9.164985874062781,0.026159641425145843,0.084, 57.0
14,51.18318164310921,9.591668557426097,0.02680550116163699,0.084, 57.0
15,51.60281372610109,10.01023237592668,0.027422377995028186,0.084, 57.0
16,51.96861918649118,10.422413810418073,0.02801432166361791,0.084, 57.0
17,52.29247205043933,10.829894583015948,0.028585262684410945,0.084, 57.0
18,52.58051339617716,11.233079408236843,0.029138698243203153,0.084, 57.0
19,52.83779865464852,11.63233424446293,0.02967614236395574,0.084, 57.0
20,53.06851552906795,12.027987661406485,0.03019892390079312,0.084, 57.0
21,53.276161009395054,12.420336006316282,0.03070821116011593,0.084, 57.0
22,53.46367608735933,12.809647397129906,0.03120503713978236,0.084, 57.0
23,53.633548797647265,13.196164501899869,0.03169031959344974,0.084, 57.0
24,53.78789389424581,13.580106366179967,0.03216487675942425,0.084, 57.0
25,53.92852089171293,13.961672101718495,0.03262943976087407,0.084, 57.0
26,54.056984564886164,14.341042448960417,0.03308466552308985,0.084, 57.0
27,54.174627598229456,14.718382028957304,0.033531145641008106,0.084, 57.0
28,54.28261167097454,15.093822856384385,0.0339694149356484,0.084, 57.0
29,54.38194564880597,15.467441865289436,0.03439993767349784,0.084, 57.0
30,54.47351735175981,15.839369699293714,0.034823087775765836,0.084, 57.0
31,54.558105540745295,16.20972611750147,0.03523927616204151,0.084, 57.0
32,54.63639529533725,16.578620899035066,0.03564887834998621,0.084, 57.0
33,54.70899023601052,16.946154283372252,0.03605223818966514,0.084, 57.0
34,54.77642454713361,17.312418328021916,0.03644967072301731,0.084, 57.0
35,54.839173247141915,17.67749823998831,0.03684146572704347,0.084, 57.0
36,54.89765826706476,18.04147204359376,0.03722789091548276,0.084, 57.0
37,54.95225587746617,18.40441158331437,0.037609193134362125,0.084, 57.0
38,55.00330260562249,18.766383190011002,0.037985600799932684,0.084, 57.0
39,55.05110013544516,19.12744818035142,0.03835732579438852,0.084, 57.0
40,55.09592026672633,19.487663793345863,0.038724565037448144,0.084, 57.0
41,55.138006976622066,19.847082599054026,0.03908750236838261,0.084, 57.0
42,55.17758035662576,20.205753349630605,0.03944630877237864,0.084, 57.0
43,55.21483965008916,20.56372151861867,0.03980114398621024,0.084, 57.0
44,55.249965274515866,20.921029375223135,0.04015215768871835,0.084, 57.0
45,55.283120685519194,21.277716106655966,0.04049949015750067,0.084, 57.0
46,55.31445443629412,21.633818224806852,0.04084327291931718,0.084, 57.0
47,55.34410214342638,21.989370068266055,0.04118362962179096,0.084, 57.0
48,55.37218716781741,22.34440348840516,0.041520676937545936,0.084, 57.0
49,55.39882249984222,22.698948505388355,0.04185452464777213,0.084, 57.0
50,55.42411122693245,23.053033026370112,0.04218527661189917,0.084, 57.0
51,55.44814758766683,23.406683052451076,0.04251303081723787,0.084, 57.0
52,55.47101800808504,23.75992295017354,0.04283787986481316,0.084, 57.0
53,55.49280186925548,24.112775586072605,0.04315991148384813,0.084, 57.0
54,55.51357279902652,24.465262939586175,0.04347920889285007,0.084, 57.0
55,55.53339795079741,24.817405165860183,0.04379585156682715,0.084, 57.0
56,55.55233922319005,25.169221218254872,0.04410991458848496,0.084, 57.0
57,55.57045373732917,25.520728934164588,0.04442146939837968,0.084, 57.0
58,55.58779489475633,25.87194564893904,0.04473058403864747,0.084, 57.0
59,55.604411724501844,26.222887416313636,0.045037323842306846,0.084, 57.0
60,55.620349430473965,26.57356921849959,0.04534175088634083,0.084, 57.0
61,55.635649955489924,26.924005240868752,0.04564392431343265,0.084, 57.0
62,55.65035270388349,27.274209328123845,0.045943900692954995,0.084, 57.0
63,55.664493682649244,27.624194055558846,0.04624173451899171,0.084, 57.0
64,55.678106361237,27.973971320565063,0.04653747752033637,0.084, 57.0
65,55.69122236170933,28.32355283488645,0.046831179266940325,0.084, 57.0
66,55.703870905353924,28.67294949552073,0.047122887668892895,0.084, 57.0
67,55.716078987379625,29.022171412014483,0.047412648528096644,0.084, 57.0
68,55.727872057818814,29.371228432864925,0.04770050564409078,0.084, 57.0
69,55.7392740867133,29.720130118574964,0.047986501322107356,0.084, 57.0
70,55.75030700821534,30.06888510873849,0.048270676412251336,0.084, 57.0
71,55.76099149403454,30.417501775703027,0.04855306985685969,0.084, 57.0
72,55.771347321111755,30.765988521211735,0.0488337192850915,0.084, 57.0
73,55.78139243231964,31.114352768600074,0.049112661300961896,0.084, 57.0
74,55.791143790335376,31.462601737369567,0.04938993072538416,0.084, 57.0
75,55.80061777518917,31.81074279963405,0.049665561269452846,0.084, 57.0
76,55.80982915641094,32.15878236631279,0.04993958585622541,0.084, 57.0
77,55.81879201766446,32.50672677830841,0.05021203578345458,0.084, 57.0
78,55.827519945172305,32.854582468745335,0.05048294146956356,0.084, 57.0
79,55.836025166331446,33.202355000990124,0.05075233261190696,0.084, 57.0
80,55.844319537481105,33.55005007379508,0.05102023747570787,0.084, 57.0
81,55.852414310230344,33.89767324103243,0.05128668370820572,0.084, 57.0
82,55.860319661168624,34.24522935268032,0.05155169814949787,0.084, 57.0
83,55.86804574101608,34.592723677659684,0.051815306437867734,0.084, 57.0
84,55.87560191417132,34.94016104119731,0.052077533892538726,0.084, 57.0
85,55.88299669811346,35.28754569999254,0.05233840488236023,0.084, 57.0
86,55.89023891398114,35.63488263532089,0.052597942762806,0.084, 57.0
87,55.89733612159368,35.982175736522706,0.052856170865937295,0.084, 57.0
88,55.90429578679693,36.32942911141808,0.05311311116610832,0.084, 57.0
89,55.911125150310525,36.67664692366713,0.05336878528067861,0.084, 57.0
90,55.91783058066612,37.02383260153621,0.05362321436482061,0.084, 57.0
91,55.924418786286694,37.370990261491286,0.05387641855172298,0.084, 57.0
92,55.93089559973246,37.71812323659274,0.054128418012176535,0.084, 57.0
93,55.93726666230869,38.06523487499446,0.05437923189737853,0.084, 57.0
94,55.94353765085995,38.41232881140081,0.054628878939619166,0.084, 57.0
95,55.94971338379789,38.759407844662505,0.05487737765977729,0.084, 57.0
96,55.95579913425814,39.10647555619308,0.05512474557783955,0.084, 57.0
97,55.96179936481755,39.45353471566369,0.055371000384727906,0.084, 57.0
98,55.96771851235479,39.80058824954201,0.05561615881835093,0.084, 57.0
99,55.97356097750766,40.14763922521133,0.055860237367595336,0.084, 57.0
100,55.9793304382631,40.494689948999785,0.05610325226986907,0.084, 57.0
101,55.98503125593986,40.841743785185656,0.056345218892125924,0.084, 57.0
102,55.990666735347915,41.18880287377985,0.0565861530125397,0.084, 57.0
103,55.9962405765718,41.53587002407237,0.056826069240308544,0.084, 57.0
104,56.00175607842144,41.88294765659346,0.057064982343704225,0.084, 57.0
105,56.007216338100505,42.23003805413612,0.057302906525558785,0.084, 57.0
106,56.01262466272984,42.577143916272654,0.05753985560847605,0.084, 57.0
107,56.01798359942169,42.9242670263263,0.057775843421241174,0.084, 57.0
108,56.02329647500579,43.27141036049925,0.05801088290022815,0.084, 57.0
109,56.028565583249126,43.618575578212074,0.05824498752908392,0.084, 57.0
110,56.033793774125044,43.96576522033854,0.058478169647585815,0.084, 57.0
111,56.03898337168199,44.31298119249019,0.05871044194412559,0.084, 57.0
112,56.04413678949207,44.66022562266152,0.05894181644207473,0.084, 57.0
113,56.041477247777586,45.01778682381286,0.05917230508283976,0.084, 57.0
114,56.02711081839978,45.39161445696002,0.059408707164749254,0.084, 57.0
115,56.008886327268485,45.79256459526105,0.05965486211052429,0.084, 57.0
116,55.98902107300562,46.22341974296454,0.059917752496805705,0.084, 57.0
117,55.96758949488682,46.68443365503474,0.06019897098662418,0.084, 57.0
118,55.944669171816734,47.17585023024004,0.06049842641387232,0.084, 57.0
119,55.92035206213715,47.69772232096017,0.060816006594077016,0.084, 57.0
120,55.89474065023615,48.249946058742445,0.06115146302389893,0.084, 57.0
121,55.867946642002345,48.83225508448015,0.061504437002588744,0.084, 57.0
122,55.84008736946484,49.444253453650795,0.06187445998651822,0.084, 57.0
123,55.811283906850235,50.08542820798254,0.06226097871673897,0.084, 57.0
124,55.78165814377104,50.755169719437426,0.06266336706167193,0.084, 57.0
125,55.75133074780785,51.45279198077655,0.06308094249457513,0.084, 57.0
126,55.72041941341329,52.1775516137161,0.06351298206896668,0.084, 57.0
127,55.68903751113897,52.928661767605696,0.06395873706160357,0.084, 57.0
128,55.65729256540606,53.70531360913275,0.0644174439308196,0.084, 57.0
129,55.62528572128393,54.50668303000958,0.06488833937585403,0.084, 57.0
130,55.59311088573236,55.33194723067012,0.06537066581849042,0.084, 57.0
131,55.56085452767326,56.180291285447815,0.06586368242730235,0.084, 57.0
132,55.52859547218631,57.05091601734549,0.06636666962247774,0.084, 57.0
133,55.49640491721179,57.94304458744112,0.06687893402081022,0.084, 57.0
134,55.46434650744581,58.855932636895105,0.06739981228204857,0.084, 57.0
135,55.432477067908486,59.78886009638674,0.06792867670382353,0.084, 57.0
136,55.400846709788595,60.74113901206692,0.06846492993903316,0.084, 57.0
137,55.36949923371687,61.7121151023546,0.06900800894494817,0.084, 57.0
138,55.338472261536026,62.701176505523975,0.06955738511491502,0.084, 57.0
139,55.307798371256006,63.707736409077675,0.07011256833145595,0.084, 57.0
140,55.27750517491234,64.73124243718821,0.07067309625643757,0.084, 57.0
141,55.247615379080784,65.77118313496818,0.07123853877695385,0.084, 57.0
142,55.21814780473217,66.82707290485895,0.0718085005955528,0.084, 57.0
143,55.1891178284914,67.89845545665892,0.07238261197097644,0.084, 57.0
144,55.16053718460086,68.98491513059831,0.0729605297938691,0.084, 57.0
145,55.13241501917477,70.08605504398011,0.07354194276900025,0.084, 57.0
146,55.104757804168244,71.20150810508726,0.07412655877246725,0.084, 57.0
147,55.07756951882255,72.33093919556605,0.07471411001570481,0.084, 57.0
148,55.05085241716265,73.47402891448948,0.07530435334648575,0.084, 57.0
149,55.024606693304634,74.63049093564103,0.07589706098984318,0.084, 57.0
150,54.99883116095117,75.8000554195604,0.0764920289269036,0.084, 57.0
151,54.97352322271342,76.98247415367533,0.0770890676094447,0.084, 57.0
152,54.948678840233185,78.17752438194773,0.07768800405241562,0.084, 57.0
153,54.92429341879422,79.38499358658392,0.07828868316394588,0.084, 57.0
154,54.90036116283625,80.60470065436309,0.07889095954029321,0.084, 57.0
155,54.8768758709887,81.83646985646276,0.07949470756787565,0.084, 57.0
156,54.85383052529363,83.08015016623979,0.08009980796947444,0.084, 57.0
157,54.831217683998695,84.33560304827567,0.08070615697103412,0.084, 57.0
158,54.8090294777004,85.60270518364673,0.0813136598548166,0.084, 57.0
159,54.78586915392244,86.87461818353222,0.0819222319422384,0.084, 57.0
160,54.76148538844053,88.15022138753572,0.08252860150026127,0.084, 57.0
161,54.735884907581564,89.42961107698072,0.08313228829271332,0.084, 57.0
162,54.709076750403625,90.71287782518696,0.0837333954192429,0.084, 57.0
163,54.681065722712326,92.00012455610236,0.08433202014356503,0.084, 57.0
164,54.65018361844058,93.26169180020408,0.08492826246426113,0.084, 57.0
165,54.77320750021443,93.63446490984357,0.08550857639521313,0.084, 57.0
166,54.89599469791534,94.00955985359342,0.08567929766829172,0.084, 57.0
167,55.017845054572604,94.38479194707483,0.08585073961546123,0.084, 57.0
168,55.13877850580407,94.76019073866763,0.08602190237753794,0.084, 57.0
169,55.258812864547124,95.13578044604486,0.08619280105618765,0.084, 57.0
170,55.37796849543203,95.5115947791142,0.08636344821143907,0.084, 57.0
171,55.496266212899265,95.88767045552551,0.08653386060197797,0.084, 57.0
172,55.61291632128786,96.26139060813408,0.08670405621257404,0.084, 57.0
173,55.727778234319445,96.63219966791318,0.08687285550548982,0.084, 57.0
174,55.84075697207809,96.99967884567685,0.08704001639455496,0.084, 57.0
175,55.95173483385647,97.36332307955112,0.08720536005029202,0.084, 57.0
176,56.060559028674334,97.72249662172447,0.08736867018237607,0.084, 57.0
177,56.16703648450985,98.07641133375554,0.08752967345502438,0.084, 57.0
178,56.270917052074275,98.42406468519944,0.08768803024681553,0.084, 57.0
179,56.37186722654824,98.76414295576338,0.08784330749305627,0.084, 57.0
180,56.46944963323265,99.0949413421175,0.08799493626187731,0.084, 57.0
181,56.563067224491085,99.41415893837781,0.08814217719810427,0.084, 57.0
182,56.651892953771956,99.71863703979535,0.08828403061012122,0.084, 57.0
183,56.73478452678231,100.0040392800291,0.08841912204902262,0.084, 57.0
184,56.810134110178645,100.2642970049612,0.08854556273215661,0.084, 57.0
185,56.87569777045727,100.49097876217235,0.08866070654573513,0.084, 57.0
186,56.928646252667974,100.67346253563522,0.08876087389697283,0.084, 57.0
187,56.96617941837928,100.80117973002149,0.08884142875254654,0.084, 57.0
188,56.987550778807964,100.87100907620294,0.08889776426229,0.084, 57.0
189,56.99644091568753,100.89595533504887,0.08892855059863683,0.084, 57.0
190,56.999128341510065,100.89856139208034,0.08893954631246907,0.084, 57.0
191,56.99979818128151,100.89389748010947,0.08894069492161111,0.084, 57.0
192,56.99995396823131,100.88738132259544,0.08893863931071007,0.084, 57.0
193,56.99998953990357,100.8804322080909,0.08893576724631931,0.084, 57.0
194,56.99999762555097,100.8733842999038,0.08893270424941732,0.084, 57.0
195,56.99999946122526,100.86631412061965,0.08892959759895723,0.084, 57.0
196,56.99999987778351,100.85923907670264,0.08892648102256481,0.084, 57.0
197,56.999999972283106,100.8521631207765,0.0889233621924716,0.084, 57.0
198,56.99999999371573,100.84508714987858,0.08892024285093286,0.084, 57.0
199,56.999999998575504,100.83801136752483,0.08891712339336266,0.084, 57.0
200,56.99999999967718,100.83093581987622,0.08891400390947395,0.084, 57.0
201,56.99999999992685,100.82386051740032,0.0889108844196159,0.084, 57.0
202,56.99999999998343,100.81678546247026,0.08890776492840312,0.084, 57.0
203,56.999999999996255,100.80971065562387,0.08890464543688181,0.084, 57.0
204,56.99999999999915,100.802636096983,0.0889015259452891,0.084, 57.0
205,56.99999999999981,100.7955617865753,0.08889840645367873,0.084, 57.0
206,56.99999999999996,100.78848772440706,0.08889528696206288,0.084, 57.0
207,56.999999999999986,100.78141391047963,0.08889216747044429,0.084, 57.0
208,57.00000000000001,100.7743403447934,0.0888890479788236,0.084, 57.0
209,57.0,100.7672670273484,0.08888592848720096,0.084, 57.0
210,56.99999999999999,100.76019395814463,0.08888280899557638,0.084, 57.0
211,57.00000000000001,100.75312113718213,0.0888796895039499,0.084, 57.0
212,56.99999999999999,100.74604856446089,0.08887657001232147,0.084, 57.0
213,57.0,100.73897623998091,0.08887345052069114,0.084, 57.0
214,57.00000000000001,100.73190416374217,0.08887033102905888,0.084, 57.0
215,56.999999999999986,100.72483233574471,0.08886721153742468,0.084, 57.0
216,56.99999999999999,100.71776075598854,0.08886409204578859,0.084, 57.0
217,56.99999999999999,100.71068942447359,0.08886097255415058,0.084, 57.0
218,56.999999999999986,100.70361834119988,0.08885785306251064,0.084, 57.0
219,56.99999999999999,100.69654750616748,0.08885473357086876,0.084, 57.0
220,57.0,100.68947691937629,0.08885161407922498,0.084, 57.0
221,56.99999999999999,100.68240658082635,0.08884849458757926,0.084, 57.0
222,56.99999999999999,100.67533649051768,0.08884537509593163,0.084, 57.0
223,56.99999999999999,100.66826664845027,0.08884225560428206,0.084, 57.0
224,56.999999999999986,100.66119705462413,0.08883913611263057,0.084, 57.0
225,57.00000000000001,100.65412770903927,0.08883601662097716,0.084, 57.0
226,57.0,100.64705861169564,0.08883289712932185,0.084, 57.0
227,57.00000000000001,100.63998976259325,0.08882977763766461,0.084, 57.0
228,56.99999999999999,100.63292116173213,0.08882665814600542,0.084, 57.0
229,56.999999999999986,100.62585280911227,0.08882353865434432,0.084, 57.0
230,57.00000000000001,100.61878470473371,0.08882041916268131,0.084, 57.0
231,56.99999999999999,100.61171684859637,0.08881729967101637,0.084, 57.0
232,56.99999999999999,100.6046492407003,0.0888141801793495,0.084, 57.0
233,57.0,100.59758188104547,0.0888110606876807,0.084, 57.0
234,57.0,100.5905147696319,0.08880794119600997,0.084, 57.0
235,57.0,100.58344790645957,0.08880482170433732,0.084, 57.0
236,57.0,100.5763812915285,0.08880170221266274,0.084, 57.0
237,57.0,100.56931492483871,0.08879858272098623,0.084, 57.0
238,57.00000000000001,100.56224880639017,0.08879546322930781,0.084, 57.0
239,57.0,100.55518293618292,0.08879234373762747,0.084, 57.0
240,56.99999999999999,100.5481173142169,0.0887892242459452,0.084, 57.0
241,56.99999999999999,100.54105194049215,0.08878610475426099,0.084, 57.0
242,56.99999999999999,100.53398681500867,0.08878298526257487,0.084, 57.0
243,56.999999999999986,100.52692193776646,0.08877986577088681,0.084, 57.0
244,56.99999999999999,100.51985730876554,0.08877674627919685,0.084, 57.0
245,56.99999999999999,100.51279292800584,0.08877362678750497,0.084, 57.0
246,57.0,100.5057287954874,0.08877050729581112,0.084, 57.0
247,57.0,100.49866491121021,0.08876738780411539,0.084, 57.0
248,57.0,100.49160127517429,0.0887642683124177,0.084, 57.0
249,57.00000000000001,100.48453788737962,0.08876114882071809,0.084, 57.0
250,56.99999999999999,100.47747474782624,0.08875802932901655,0.084, 57.0
251,57.0,100.4704118565141,0.0887549098373131,0.084, 57.0
252,57.0,100.46334921344322,0.08875179034560772,0.084, 57.0
253,57.0,100.4562868186136,0.0887486708539004,0.084, 57.0
254,57.00000000000001,100.44922467202525,0.08874555136219116,0.084, 57.0
255,56.999999999999986,100.44216277367818,0.08874243187047998,0.084, 57.0
256,57.0,100.43510112357241,0.08873931237876688,0.084, 57.0
257,57.0,100.42803972170785,0.08873619288705188,0.084, 57.0
258,57.0,100.42097856808455,0.08873307339533493,0.084, 57.0
259,57.0,100.41391766270252,0.08872995390361606,0.084, 57.0
260,57.0,100.40685700556175,0.08872683441189524,0.084, 57.0
261,57.0,100.39979659666224,0.08872371492017252,0.084, 57.0
262,57.0,100.392736436004,0.08872059542844783,0.084, 57.0
263,57.0,100.38567652358702,0.08871747593672126,0.084, 57.0
264,57.0,100.37861685941131,0.08871435644499273,0.084, 57.0
265,57.0,100.37155744347686,0.08871123695326229,0.084, 57.0
266,57.0,100.36449827578367,0.08870811746152991,0.084, 57.0
267,57.0,100.35743935633175,0.0887049979697956,0.084, 57.0
268,56.99999999999999,100.3503806851211,0.08870187847805935,0.084, 57.0
269,57.0,100.34332226215172,0.0886987589863212,0.084, 57.0
270,57.0,100.33626408742359,0.0886956394945811,0.084, 57.0
271,57.0,100.32920616093672,0.08869252000283907,0.084, 57.0
272,57.00000000000001,100.32214848269112,0.08868940051109511,0.084, 57.0
273,57.00000000000001,100.31509105268681,0.08868628101934924,0.084, 57.0
274,56.99999999999999,100.30803387092377,0.08868316152760143,0.084, 57.0
275,56.99999999999998,100.30097693740198,0.0886800420358517,0.084, 57.0
276,56.99999999999999,100.29392025212152,0.08867692254410002,0.084, 57.0
277,57.0,100.28686381508227,0.08867380305234646,0.084, 57.0
278,57.0,100.27980762628427,0.08867068356059093,0.084, 57.0
279,57.00000000000001,100.27275168572753,0.08866756406883347,0.084, 57.0
280,56.99999999999999,100.26569599341208,0.08866444457707406,0.084, 57.0
281,57.0,100.2586405493379,0.08866132508531276,0.084, 57.0
282,57.0,100.25158535350496,0.0886582055935495,0.084, 57.0
283,57.00000000000001,100.2445304059133,0.08865508610178431,0.084, 57.0
284,57.00000000000001,100.23747570656292,0.0886519666100172,0.084, 57.0
285,56.99999999999999,100.2304212554538,0.08864884711824816,0.084, 57.0
286,57.0,100.22336705258596,0.08864572762647718,0.084, 57.0
287,57.0,100.21631309795936,0.08864260813470427,0.084, 57.0
288,56.99999999999999,100.20925939157402,0.08863948864292942,0.084, 57.0
289,56.99999999999999,100.20220593342998,0.08863636915115265,0.084, 57.0
290,57.0,100.1951527235272,0.08863324965937394,0.084, 57.0
291,57.0,100.18809976186567,0.08863013016759332,0.084, 57.0
292,56.99999999999999,100.18104704844542,0.08862701067581073,0.084, 57.0
293,56.999999999999986,100.17399458326645,0.08862389118402622,0.084, 57.0
294,57.00000000000001,100.16694236632878,0.0886207716922398,0.084, 57.0
295,56.99999999999999,100.15989039763235,0.08861765220045145,0.084, 57.0
296,57.0,100.15283867717719,0.08861453270866114,0.084, 57.0
297,56.99999999999999,100.14578720496327,0.08861141321686893,0.084, 57.0
298,56.99999999999999,100.13873598099065,0.08860829372507474,0.084, 57.0
299,57.0,100.13168500525929,0.08860517423327864,0.084, 57.0
300,57.0,100.12463427776919,0.08860205474148063,0.084, 57.0
301,56.999999999999986,100.11758379852036,0.08859893524968065,0.084, 57.0
302,57.0,100.11053356751285,0.08859581575787875,0.084, 57.0
303,56.99999999999999,100.10348358474656,0.08859269626607494,0.084, 57.0
304,56.999999999999986,100.09643385022156,0.08858957677426917,0.084, 57.0
305,57.0,100.08938436393785,0.08858645728246146,0.084, 57.0
306,57.00000000000001,100.08233512589537,0.08858333779065186,0.084, 57.0
307,56.99999999999999,100.07528613609418,0.08858021829884027,0.084, 57.0
308,56.99999999999999,100.06823739453425,0.08857709880702677,0.084, 57.0
309,57.0,100.0611889012156,0.08857397931521134,0.084, 57.0
310,56.99999999999999,100.0541406561382,0.08857085982339398,0.084, 57.0
311,56.99999999999999,100.0470926593021,0.08856774033157466,0.084, 57.0
312,56.999999999999986,100.04004491070727,0.08856462083975342,0.084, 57.0
313,57.0,100.03299741035374,0.08856150134793025,0.084, 57.0
314,57.0,100.02595015824143,0.08855838185610516,0.084, 57.0
315,57.0,100.01890315437039,0.08855526236427809,0.084, 57.0
316,57.00000000000001,100.01185639874063,0.08855214287244911,0.084, 57.0
317,57.0,100.00480989135217,0.08854902338061818,0.084, 57.0
318,57.0,99.99776363220495,0.08854590388878533,0.084, 57.0
319,56.99999999999999,99.990717621299,0.08854278439695056,0.084, 57.0
320,56.999999999999986,99.98367185863434,0.08853966490511381,0.084, 57.0
321,57.00000000000001,99.97662634421098,0.08853654541327514,0.084, 57.0
322,56.999999999999986,99.96958107802888,0.08853342592143457,0.084, 57.0
323,57.00000000000001,99.96253606008808,0.08853030642959203,0.084, 57.0
324,57.0,99.95549129038852,0.08852718693774758,0.084, 57.0
325,57.0,99.94844676893021,0.08852406744590119,0.084, 57.0
326,57.000000000000014,99.94140249571318,0.08852094795405283,0.084, 57.0
327,57.000000000000014,99.93435847073745,0.08851782846220255,0.084, 57.0
328,57.00000000000001,99.927314694003,0.08851470897035033,0.084, 57.0
329,57.0,99.9202711655098,0.08851158947849617,0.084, 57.0
330,57.0,99.91322788525787,0.08850846998664008,0.084, 57.0
331,57.0,99.90618485324721,0.08850535049478205,0.084, 57.0
332,56.99999999999999,99.89914206947782,0.08850223100292208,0.084, 57.0
333,56.999999999999986,99.89209953394972,0.08849911151106017,0.084, 57.0
334,57.0,99.88505724666294,0.08849599201919632,0.084, 57.0
335,57.00000000000001,99.87801520761738,0.08849287252733057,0.084, 57.0
336,57.0,99.87097341681311,0.08848975303546283,0.084, 57.0
337,57.0,99.8639318742501,0.08848663354359318,0.084, 57.0
338,57.00000000000001,99.85689057992836,0.08848351405172157,0.084, 57.0
339,57.0,99.84984953384792,0.08848039455984802,0.084, 57.0
340,56.999999999999986,99.84280873600873,0.08847727506797255,0.084, 57.0
341,57.00000000000001,99.83576818641087,0.08847415557609513,0.084, 57.0
342,57.00000000000001,99.82872788505426,0.0884710360842158,0.084, 57.0
343,57.0,99.82168783193893,0.08846791659233451,0.084, 57.0
344,57.00000000000001,99.81464802706485,0.08846479710045128,0.084, 57.0
345,56.99999999999999,99.80760847043207,0.08846167760856609,0.084, 57.0
346,57.0,99.80056916204056,0.088458558116679,0.084, 57.0
347,57.00000000000001,99.79353010189031,0.08845543862478995,0.084, 57.0
348,57.00000000000001,99.78649128998136,0.08845231913289896,0.084, 57.0
349,56.99999999999999,99.77945272631368,0.08844919964100602,0.084, 57.0
350,57.0,99.77241441088728,0.08844608014911115,0.084, 57.0
351,56.99999999999999,99.76537634370214,0.08844296065721434,0.084, 57.0
352,56.99999999999999,99.7583385247583,0.08843984116531559,0.084, 57.0
353,56.999999999999986,99.75130095405574,0.08843672167341489,0.084, 57.0
354,57.0,99.74426363159448,0.08843360218151226,0.084, 57.0
355,57.0,99.73722655737446,0.08843048268960771,0.084, 57.0
356,56.99999999999999,99.73018973139571,0.08842736319770118,0.084, 57.0
357,57.0,99.72315315365826,0.08842424370579272,0.084, 57.0
358,56.99999999999999,99.71611682416207,0.08842112421388232,0.084, 57.0
359,57.0,99.70908074290718,0.08841800472196999,0.084, 57.0
360,57.0,99.70204490989354,0.08841488523005571,0.084, 57.0
361,57.0,99.69500932512119,0.08841176573813948,0.084, 57.0
362,57.00000000000001,99.68797398859012,0.08840864624622131,0.084, 57.0
363,57.00000000000001,99.68093890030035,0.0884055267543012,0.084, 57.0
364,57.0,99.67390406025186,0.08840240726237916,0.084, 57.0
365,56.99999999999999,99.66686946844462,0.08839928777045518,0.084, 57.0
366,56.99999999999999,99.65983512487868,0.08839616827852924,0.084, 57.0
367,56.99999999999999,99.65280102955403,0.08839304878660137,0.084, 57.0
368,56.99999999999999,99.64576718247065,0.08838992929467154,0.084, 57.0
369,56.99999999999999,99.63873358362855,0.08838680980273979,0.084, 57.0
370,56.99999999999999,99.63170023302773,0.08838369031080609,0.084, 57.0
371,56.99999999999999,99.6246671306682,0.08838057081887044,0.084, 57.0
372,56.999999999999986,99.61763427654995,0.08837745132693288,0.084, 57.0
373,57.00000000000001,99.610601670673,0.08837433183499334,0.084, 57.0
374,57.0,99.60356931303731,0.08837121234305188,0.084, 57.0
375,57.00000000000001,99.59653720364288,0.08836809285110846,0.084, 57.0
376,56.99999999999999,99.58950534248976,0.08836497335916309,0.084, 57.0
377,56.99999999999999,99.58247372957791,0.08836185386721579,0.084, 57.0
378,56.99999999999999,99.57544236490735,0.08835873437526653,0.084, 57.0
379,56.99999999999999,99.56841124847806,0.08835561488331534,0.084, 57.0
380,57.0,99.56138038029006,0.08835249539136221,0.084, 57.0
381,56.99999999999999,99.55434976034333,0.08834937589940713,0.084, 57.0
382,56.99999999999999,99.54731938863789,0.0883462564074501,0.084, 57.0
383,56.99999999999999,99.54028926517374,0.08834313691549113,0.084, 57.0
384,57.0,99.53325938995087,0.08834001742353022,0.084, 57.0
385,56.99999999999999,99.52622976296927,0.08833689793156735,0.084, 57.0
386,57.00000000000001,99.51920038422897,0.08833377843960254,0.084, 57.0
387,56.99999999999999,99.51217125372995,0.0883306589476358,0.084, 57.0
388,56.999999999999986,99.5051423714722,0.0883275394556671,0.084, 57.0
389,57.0,99.49811373745578,0.08832441996369646,0.084, 57.0
390,57.00000000000001,99.4910853516806,0.08832130047172389,0.084, 57.0
391,56.99999999999999,99.48405721414672,0.08831818097974935,0.084, 57.0
392,57.0,99.47702932485412,0.08831506148777286,0.084, 57.0
393,56.99999999999999,99.47000168380278,0.08831194199579444,0.084, 57.0
394,57.0,99.46297429099275,0.08830882250381407,0.084, 57.0
395,57.00000000000001,99.45594714642398,0.08830570301183176,0.084, 57.0
396,57.0,99.44892025009652,0.08830258351984749,0.084, 57.0
397,57.0,99.44189360201032,0.08829946402786128,0.084, 57.0
398,57.00000000000001,99.4348672021654,0.08829634453587312,0.084, 57.0
399,56.99999999999999,99.4278410505618,0.088293225043883,0.084, 57.0
400,57.0,99.42081514719946,0.08829010555189096,0.084, 57.0
401,57.0,99.41378949207841,0.08828698605989695,0.084, 57.0
402,57.0,99.40676408519863,0.088283866567901,0.084, 57.0
403,57.00000000000001,99.39973892656015,0.0882807470759031,0.084, 57.0
404,57.0,99.39271401616297,0.08827762758390326,0.084, 57.0
405,57.0,99.38568935400706,0.08827450809190147,0.084, 57.0
406,57.00000000000001,99.37866494009242,0.08827138859989772,0.084, 57.0
407,56.999999999999986,99.37164077441909,0.08826826910789203,0.084, 57.0
408,57.0,99.36461685698708,0.0882651496158844,0.084, 57.0
409,56.99999999999999,99.35759318779631,0.08826203012387483,0.084, 57.0
410,57.0,99.35056976684685,0.0882589106318633,0.084, 57.0
411,57.0,99.34354659413864,0.08825579113984983,0.084, 57.0
412,57.00000000000001,99.33652366967173,0.08825267164783437,0.084, 57.0
413,56.99999999999999,99.32950099344613,0.08824955215581701,0.084, 57.0
414,56.999999999999986,99.32247856546182,0.08824643266379768,0.084, 57.0
415,57.0,99.31545638571883,0.0882433131717764,0.084, 57.0
416,57.00000000000001,99.30843445421708,0.0882401936797532,0.084, 57.0
417,57.00000000000001,99.30141277095663,0.08823707418772803,0.084, 57.0
418,57.00000000000001,99.29439133593746,0.0882339546957009,0.084, 57.0
419,57.0,99.28737014915959,0.08823083520367185,0.084, 57.0
420,56.999999999999986,99.28034921062297,0.08822771571164083,0.084, 57.0
421,57.0,99.27332852032771,0.08822459621960783,0.084, 57.0
422,57.0,99.26630807827368,0.08822147672757294,0.084, 57.0
423,57.0,99.25928788446095,0.08821835723553606,0.084, 57.0
424,56.99999999999999,99.25226793888949,0.08821523774349722,0.084, 57.0
425,56.99999999999999,99.24524824155934,0.08821211825145645,0.084, 57.0
426,56.999999999999986,99.23822879247048,0.08820899875941374,0.084, 57.0
427,57.0,99.23120959162294,0.08820587926736906,0.084, 57.0
428,57.00000000000001,99.22419063901664,0.08820275977532245,0.084, 57.0
429,57.0,99.21717193465166,0.08819964028327387,0.084, 57.0
430,57.0,99.21015347852794,0.08819652079122334,0.084, 57.0
431,57.0,99.20313527064552,0.08819340129917086,0.084, 57.0
432,57.0,99.19611731100439,0.08819028180711642,0.084, 57.0
433,57.0,99.18909959960455,0.08818716231506003,0.084, 57.0
434,57.0,99.182082136446,0.08818404282300168,0.084, 57.0
435,56.99999999999999,99.17506492152873,0.08818092333094141,0.084, 57.0
436,56.99999999999999,99.16804795485278,0.08817780383887916,0.084, 57.0
437,56.999999999999986,99.16103123641811,0.08817468434681498,0.084, 57.0
438,56.99999999999999,99.15401476622478,0.08817156485474884,0.084, 57.0
439,57.0,99.14699854427269,0.08816844536268076,0.084, 57.0
440,57.00000000000001,99.13998257056188,0.08816532587061071,0.084, 57.0
441,56.999999999999986,99.13296684509238,0.08816220637853872,0.084, 57.0
442,57.00000000000001,99.12595136786422,0.08815908688646476,0.084, 57.0
443,57.0,99.1189361388773,0.08815596739438888,0.084, 57.0
444,56.99999999999999,99.11192115813166,0.08815284790231102,0.084, 57.0
445,56.99999999999999,99.10490642562733,0.0881497284102312,0.084, 57.0
446,57.0,99.0978919413643,0.08814660891814946,0.084, 57.0
447,57.00000000000001,99.09087770534254,0.08814348942606573,0.084, 57.0
448,56.99999999999999,99.08386371756208,0.08814036993398006,0.084, 57.0
449,56.99999999999999,99.07684997802292,0.08813725044189244,0.084, 57.0
450,56.99999999999999,99.06983648672505,0.08813413094980285,0.084, 57.0
451,56.99999999999999,99.06282324366848,0.08813101145771132,0.084, 57.0
452,56.99999999999999,99.05581024885319,0.08812789196561784,0.084, 57.0
453,56.99999999999999,99.0487975022792,0.0881247724735224,0.084, 57.0
454,56.99999999999999,99.0417850039465,0.088121652981425,0.084, 57.0
455,56.99999999999999,99.0347727538551,0.08811853348932565,0.084, 57.0
456,56.99999999999999,99.027760752005,0.08811541399722433,0.084, 57.0
457,56.999999999999986,99.02074899839619,0.08811229450512109,0.084, 57.0
458,57.00000000000001,99.0137374930287,0.08810917501301588,0.084, 57.0
459,57.0,99.00672623590248,0.08810605552090872,0.084, 57.0
460,56.999999999999986,98.99971522701753,0.08810293602879961,0.084, 57.0
461,57.00000000000001,98.99270446637394,0.08809981653668851,0.084, 57.0
462,57.0,98.9856939539716,0.08809669704457551,0.084, 57.0
463,57.0,98.97868368981054,0.08809357755246051,0.084, 57.0
464,57.0,98.97167367389078,0.08809045806034355,0.084, 57.0
465,57.0,98.96466390621231,0.08808733856822465,0.084, 57.0
466,56.99999999999999,98.95765438677513,0.08808421907610378,0.084, 57.0
467,56.99999999999999,98.95064511557926,0.08808109958398096,0.084, 57.0
468,56.99999999999999,98.9436360926247,0.08807798009185619,0.084, 57.0
469,56.99999999999999,98.93662731791143,0.08807486059972947,0.084, 57.0
470,56.99999999999999,98.92961879143945,0.08807174110760077,0.084, 57.0
471,56.99999999999999,98.92261051320878,0.08806862161547013,0.084, 57.0
472,56.999999999999986,98.9156024832194,0.08806550212333754,0.084, 57.0
473,56.99999999999999,98.90859470147136,0.088062382631203,0.084, 57.0
474,56.99999999999999,98.90158716796456,0.0880592631390665,0.084, 57.0
475,57.0,98.89457988269908,0.08805614364692803,0.084, 57.0
476,57.0,98.88757284567487,0.08805302415478759,0.084, 57.0
477,57.00000000000001,98.88056605689195,0.0880499046626452,0.084, 57.0
478,56.99999999999999,98.87355951635035,0.08804678517050085,0.084, 57.0
479,56.999999999999986,98.86655322405005,0.08804366567835456,0.084, 57.0
480,57.0,98.85954717999108,0.0880405461862063,0.084, 57.0
481,56.99999999999999,98.85254138417336,0.08803742669405609,0.084, 57.0
482,56.99999999999999,98.84553583659695,0.08803430720190392,0.084, 57.0
483,56.99999999999999,98.83853053726185,0.08803118770974978,0.084, 57.0
484,56.99999999999999,98.83152548616803,0.0880280682175937,0.084, 57.0
485,56.999999999999986,98.82452068331551,0.08802494872543565,0.084, 57.0
486,57.0,98.81751612870433,0.08802182923327564,0.084, 57.0
487,57.00000000000001,98.81051182233439,0.08801870974111368,0.084, 57.0
488,57.0,98.80350776420578,0.08801559024894975,0.084, 57.0
489,56.99999999999999,98.79650395431844,0.08801247075678385,0.084, 57.0
490,56.999999999999986,98.78950039267242,0.08800935126461601,0.084, 57.0
491,57.00000000000001,98.78249707926774,0.0880062317724462,0.084, 57.0
492,56.99999999999999,98.77549401410432,0.08800311228027445,0.084, 57.0
493,56.99999999999999,98.7684911971822,0.08799999278810072,0.084, 57.0
494,56.99999999999999,98.76148862850138,0.08799687329592504,0.084, 57.0
495,56.99999999999999,98.75448630806186,0.0879937538037474,0.084, 57.0
496,56.99999999999999,98.74748423586364,0.08799063431156778,0.084, 57.0
497,56.99999999999999,98.74048241190671,0.08798751481938623,0.084, 57.0
498,57.0,98.73348083619109,0.08798439532720269,0.084, 57.0
499,57.0,98.72647950871675,0.0879812758350172,0.084, 57.0
500,57.0,98.71947842948371,0.08797815634282975,0.084, 57.0
501,56.999999999999986,98.71247759849199,0.08797503685064033,0.084, 57.0
502,57.0,98.70547701574161,0.08797191735844896,0.084, 57.0
503,57.00000000000001,98.69847668123248,0.08796879786625564,0.084, 57.0
504,56.99999999999999,98.69147659496467,0.08796567837406034,0.084, 57.0
505,56.99999999999999,98.68447675693815,0.08796255888186309,0.084, 57.0
506,56.99999999999999,98.67747716715294,0.08795943938966387,0.084, 57.0
507,56.99999999999999,98.67047782560904,0.08795631989746269,0.084, 57.0
508,57.0,98.66347873230643,0.08795320040525956,0.084, 57.0
509,57.0,98.65647988724511,0.08795008091305445,0.084, 57.0
510,57.00000000000001,98.64948129042509,0.08794696142084739,0.084, 57.0
511,56.999999999999986,98.6424829418464,0.08794384192863836,0.084, 57.0
512,57.00000000000001,98.63548484150904,0.08794072243642737,0.084, 57.0
513,57.0,98.62848698941295,0.08793760294421442,0.084, 57.0
514,57.00000000000001,98.62148938555814,0.08793448345199951,0.084, 57.0
515,57.00000000000001,98.61449202994464,0.08793136395978261,0.084, 57.0
516,56.99999999999999,98.60749492257246,0.08792824446756378,0.084, 57.0
517,57.0,98.60049806344158,0.08792512497534297,0.084, 57.0
518,57.0,98.59350145255198,0.08792200548312022,0.084, 57.0
519,57.0,98.58650508990368,0.08791888599089548,0.084, 57.0
520,57.0,98.5795089754967,0.08791576649866877,0.084, 57.0
521,57.00000000000001,98.57251310933101,0.0879126470064401,0.084, 57.0
522,56.99999999999999,98.56551749140665,0.08790952751420947,0.084, 57.0
523,57.0,98.5585221217236,0.08790640802197688,0.084, 57.0
524,56.999999999999986,98.55152700028182,0.08790328852974234,0.084, 57.0
525,56.99999999999999,98.54453212708141,0.08790016903750582,0.084, 57.0
526,56.99999999999999,98.53753750212226,0.08789704954526735,0.084, 57.0
527,56.999999999999986,98.53054312540442,0.08789393005302691,0.084, 57.0
528,57.00000000000001,98.52354899692793,0.08789081056078449,0.084, 57.0
529,56.99999999999999,98.5165551166927,0.08788769106854014,0.084, 57.0
530,57.0,98.50956148469878,0.08788457157629381,0.084, 57.0
531,57.0,98.50256810094615,0.0878814520840455,0.084, 57.0
532,57.0,98.49557496543483,0.08787833259179523,0.084, 57.0
533,57.00000000000001,98.48858207816481,0.08787521309954299,0.084, 57.0
534,57.0,98.48158943913612,0.08787209360728877,0.084, 57.0
535,57.00000000000001,98.4745970483487,0.08786897411503261,0.084, 57.0
536,57.0,98.46760490580262,0.08786585462277448,0.084, 57.0
537,56.99999999999999,98.46061301149781,0.08786273513051439,0.084, 57.0
538,57.0,98.45362136543434,0.08785961563825231,0.084, 57.0
539,56.999999999999986,98.44662996761215,0.08785649614598827,0.084, 57.0
540,56.99999999999999,98.43963881803133,0.08785337665372228,0.084, 57.0
541,56.99999999999999,98.43264791669178,0.08785025716145432,0.084, 57.0
542,57.00000000000001,98.42565726359354,0.0878471376691844,0.084, 57.0
543,57.0,98.4186668587366,0.0878440181769125,0.084, 57.0
544,56.99999999999999,98.41167670212096,0.08784089868463865,0.084, 57.0
545,56.99999999999999,98.40468679374663,0.08783777919236281,0.084, 57.0
546,56.99999999999999,98.39769713361362,0.087834659700085,0.084, 57.0
547,56.99999999999999,98.39070772172191,0.08783154020780523,0.084, 57.0
548,56.99999999999999,98.38371855807151,0.0878284207155235,0.084, 57.0
549,57.00000000000001,98.37672964266241,0.08782530122323981,0.084, 57.0
550,56.999999999999986,98.36974097549464,0.08782218173095413,0.084, 57.0
551,57.00000000000001,98.3627525565682,0.0878190622386665,0.084, 57.0
552,56.99999999999999,98.35576438588303,0.08781594274637691,0.084, 57.0
553,56.99999999999999,98.34877646343918,0.08781282325408533,0.084, 57.0
554,56.99999999999999,98.34178878923663,0.0878097037617918,0.084, 57.0
555,56.99999999999999,98.33480136327539,0.08780658426949628,0.084, 57.0
556,56.99999999999999,98.32781418555547,0.0878034647771988,0.084, 57.0
557,57.0,98.32082725607685,0.08780034528489937,0.084, 57.0
558,57.00000000000001,98.31384057483953,0.08779722579259794,0.084, 57.0
559,56.99999999999999,98.30685414184354,0.08779410630029456,0.084, 57.0
560,56.99999999999999,98.29986795708886,0.0877909868079892,0.084, 57.0
561,56.99999999999999,98.29288202057549,0.08778786731568188,0.084, 57.0
562,56.99999999999999,98.28589633230342,0.08778474782337259,0.084, 57.0
563,56.99999999999999,98.27891089227266,0.08778162833106133,0.084, 57.0
564,57.0,98.27192570048322,0.0877785088387481,0.084, 57.0
565,57.00000000000001,98.26494075693508,0.08777538934643289,0.084, 57.0
566,57.00000000000001,98.25795606162826,0.08777226985411572,0.084, 57.0
567,57.00000000000001,98.25097161456276,0.08776915036179658,0.084, 57.0
568,56.99999999999999,98.24398741573856,0.08776603086947547,0.084, 57.0
569,57.0,98.23700346515567,0.08776291137715239,0.084, 57.0
570,57.0,98.23001976281407,0.08775979188482734,0.084, 57.0
571,57.0,98.22303630871379,0.08775667239250029,0.084, 57.0
572,57.00000000000001,98.21605310285481,0.08775355290017128,0.084, 57.0
573,57.00000000000001,98.20907014523718,0.08775043340784032,0.084, 57.0
574,56.99999999999999,98.20208743586085,0.08774731391550737,0.084, 57.0
575,57.0,98.19510497472584,0.08774419442317248,0.084, 57.0
576,57.0,98.18812276183212,0.08774107493083559,0.084, 57.0
577,56.99999999999999,98.18114079717971,0.08773795543849675,0.084, 57.0
578,56.99999999999999,98.17415908076863,0.0877348359461559,0.084, 57.0
579,56.99999999999999,98.16717761259886,0.08773171645381311,0.084, 57.0
580,56.99999999999999,98.16019639267041,0.08772859696146834,0.084, 57.0
581,56.99999999999999,98.15321542098327,0.0877254774691216,0.084, 57.0
582,56.999999999999986,98.14623469753745,0.08772235797677289,0.084, 57.0
583,57.0,98.13925422233298,0.0877192384844222,0.084, 57.0
584,57.00000000000001,98.13227399536977,0.08771611899206957,0.084, 57.0
585,56.99999999999999,98.1252940166479,0.08771299949971492,0.084, 57.0
586,56.999999999999986,98.11831428616733,0.08770988000735833,0.084, 57.0
587,57.0,98.11133480392812,0.08770676051499976,0.084, 57.0
588,57.0,98.10435556993016,0.08770364102263922,0.084, 57.0
589,57.0,98.09737658417352,0.08770052153027669,0.084, 57.0
590,57.0,98.09039784665819,0.08769740203791218,0.084, 57.0
591,57.0,98.08341935738419,0.0876942825455457,0.084, 57.0
592,57.0,98.07644111635149,0.08769116305317727,0.084, 57.0
593,57.00000000000001,98.06946312356011,0.08768804356080684,0.084, 57.0
594,57.0,98.06248537901007,0.08768492406843444,0.084, 57.0
595,56.99999999999999,98.05550788270132,0.08768180457606008,0.084, 57.0
596,56.99999999999999,98.0485306346339,0.08767868508368373,0.084, 57.0
597,57.0,98.04155363480781,0.08767556559130542,0.084, 57.0
598,56.999999999999986,98.03457688322301,0.08767244609892513,0.084, 57.0
599,57.00000000000001,98.02760037987957,0.08766932660654286,0.084, 57.0
600,56.99999999999999,98.02062412477743,0.08766620711415864,0.084, 57.0
601,56.99999999999999,98.01364811791659,0.08766308762177244,0.084, 57.0
602,56.99999999999999,98.00667235929707,0.08765996812938424,0.084, 57.0
603,56.99999999999999,97.99969684891887,0.08765684863699409,0.084, 57.0
604,57.0,97.992721586782,0.08765372914460194,0.084, 57.0
605,57.0,97.98574657288641,0.08765060965220783,0.084, 57.0
606,56.99999999999999,97.97877180723215,0.08764749015981174,0.084, 57.0
607,57.0,97.97179728981922,0.08764437066741367,0.084, 57.0
608,57.0,97.96482302064759,0.08764125117501363,0.084, 57.0
609,56.99999999999999,97.95784899971727,0.0876381316826116,0.084, 57.0
610,57.0,97.95087522702829,0.08763501219020761,0.084, 57.0
611,57.00000000000001,97.94390170258062,0.08763189269780164,0.084, 57.0
612,56.99999999999999,97.93692842637428,0.08762877320539368,0.084, 57.0
613,57.0,97.92995539840926,0.08762565371298377,0.084, 57.0
614,57.0,97.92298261868554,0.08762253422057187,0.084, 57.0
615,57.0,97.91601008720313,0.08761941472815798,0.084, 57.0
616,56.99999999999999,97.90903780396205,0.08761629523574212,0.084, 57.0
617,56.99999999999999,97.9020657689623,0.08761317574332428,0.084, 57.0
618,56.999999999999986,97.89509398220387,0.08761005625090447,0.084, 57.0
619,57.0,97.8881224436868,0.08760693675848268,0.084, 57.0
620,57.0,97.881151153411,0.08760381726605894,0.084, 57.0
621,57.0,97.8741801113765,0.08760069777363319,0.084, 57.0
622,57.0,97.86720931758333,0.08759757828120546,0.084, 57.0
623,57.0,97.86023877203148,0.08759445878877575,0.084, 57.0
624,56.99999999999999,97.85326847472095,0.08759133929634406,0.084, 57.0
625,57.00000000000001,97.84629842565177,0.0875882198039104,0.084, 57.0
626,56.99999999999999,97.8393286248239,0.08758510031147478,0.084, 57.0
627,56.99999999999999,97.83235907223735,0.08758198081903718,0.084, 57.0
628,57.0,97.82538976789212,0.08757886132659758,0.084, 57.0
629,57.00000000000001,97.81842071178819,0.087575741834156,0.084, 57.0
630,57.0,97.81145190392562,0.08757262234171247,0.084, 57.0
631,57.0,97.80448334430433,0.08756950284926693,0.084, 57.0
632,57.00000000000001,97.79751503292437,0.08756638335681942,0.084, 57.0
633,57.0,97.79054696978575,0.08756326386436991,0.084, 57.0
634,56.99999999999999,97.78357915488843,0.08756014437191846,0.084, 57.0
635,56.99999999999999,97.77661158823246,0.08755702487946501,0.084, 57.0
636,56.99999999999999,97.7696442698178,0.08755390538700958,0.084, 57.0
637,56.999999999999986,97.76267719964447,0.08755078589455217,0.084, 57.0
638,57.0,97.7557103777125,0.08754766640209279,0.084, 57.0
639,57.00000000000001,97.7487438040218,0.08754454690963145,0.084, 57.0
640,56.99999999999999,97.74177747857244,0.0875414274171681,0.084, 57.0
641,56.999999999999986,97.73481140136441,0.08753830792470278,0.084, 57.0
642,57.0,97.72784557239773,0.08753518843223547,0.084, 57.0
643,57.0,97.72087999167232,0.08753206893976619,0.084, 57.0
644,57.000000000000014,97.71391465918823,0.08752894944729492,0.084, 57.0
645,57.00000000000001,97.70694957494551,0.08752582995482168,0.084, 57.0
646,57.0,97.6999847389441,0.08752271046234646,0.084, 57.0
647,57.0,97.69302015118397,0.08751959096986925,0.084, 57.0
648,56.99999999999999,97.68605581166518,0.08751647147739004,0.084, 57.0
649,56.99999999999999,97.67909172038773,0.08751335198490885,0.084, 57.0
650,56.99999999999999,97.6721278773516,0.0875102324924257,0.084, 57.0
651,56.99999999999999,97.6651642825568,0.08750711299994056,0.084, 57.0
652,56.99999999999999,97.65820093600333,0.08750399350745344,0.084, 57.0
653,56.99999999999999,97.65123783769117,0.08750087401496434,0.084, 57.0
654,56.999999999999986,97.64427498762034,0.08749775452247326,0.084, 57.0
655,57.0,97.63731238579086,0.08749463502998017,0.084, 57.0
656,56.99999999999999,97.63035003220267,0.08749151553748515,0.084, 57.0
657,56.99999999999999,97.62338792685581,0.0874883960449881,0.084, 57.0
658,56.999999999999986,97.61642606975029,0.08748527655248908,0.084, 57.0
659,57.00000000000001,97.60946446088613,0.08748215705998809,0.084, 57.0
660,56.99999999999999,97.60250310026326,0.08747903756748512,0.084, 57.0
661,56.99999999999999,97.59554198788172,0.08747591807498016,0.084, 57.0
662,57.0,97.58858112374149,0.0874727985824732,0.084, 57.0
663,56.99999999999999,97.58162050784257,0.08746967908996428,0.084, 57.0
664,56.99999999999999,97.574660140185,0.08746655959745334,0.084, 57.0
665,56.99999999999999,97.56770002076875,0.08746344010494045,0.084, 57.0
666,56.99999999999999,97.56074014959384,0.08746032061242556,0.084, 57.0
667,57.0,97.55378052666025,0.08745720111990869,0.084, 57.0
668,57.0,97.54682115196796,0.08745408162738984,0.084, 57.0
669,57.0,97.53986202551701,0.08745096213486898,0.084, 57.0
670,56.999999999999986,97.53290314730738,0.08744784264234616,0.084, 57.0
671,57.0,97.52594451733914,0.08744472314982132,0.084, 57.0
672,57.00000000000001,97.51898613561217,0.08744160365729457,0.084, 57.0
673,56.99999999999999,97.51202800212654,0.08743848416476577,0.084, 57.0
674,56.999999999999986,97.50507011688225,0.08743536467223502,0.084, 57.0
675,57.00000000000001,97.49811247987932,0.08743224517970226,0.084, 57.0
676,57.0,97.49115509111769,0.08742912568716754,0.084, 57.0
677,57.0,97.48419795059736,0.08742600619463083,0.084, 57.0
678,57.0,97.47724105831836,0.08742288670209211,0.084, 57.0
679,57.0,97.47028441428068,0.08741976720955141,0.084, 57.0
680,57.00000000000001,97.46332801848435,0.08741664771700873,0.084, 57.0
681,57.0,97.45637187092936,0.08741352822446405,0.084, 57.0
682,57.0,97.44941597161568,0.0874104087319174,0.084, 57.0
683,56.999999999999986,97.44246032054332,0.08740728923936877,0.084, 57.0
684,57.0,97.43550491771235,0.08740416974681813,0.084, 57.0
685,56.99999999999999,97.42854976312266,0.08740105025426553,0.084, 57.0
686,56.999999999999986,97.42159485677432,0.08739793076171093,0.084, 57.0
687,57.0,97.41464019866734,0.08739481126915435,0.084, 57.0
688,57.0,97.40768578880164,0.0873916917765958,0.084, 57.0
689,57.00000000000001,97.40073162717727,0.08738857228403522,0.084, 57.0
690,56.999999999999986,97.39377771379424,0.08738545279147268,0.084, 57.0
691,57.0,97.38682404865257,0.08738233329890814,0.084, 57.0
692,57.0,97.37987063175218,0.08737921380634163,0.084, 57.0
693,57.00000000000001,97.37291746309313,0.08737609431377309,0.084, 57.0
694,56.99999999999999,97.36596454267543,0.0873729748212026,0.084, 57.0
695,57.0,97.35901187049906,0.0873698553286301,0.084, 57.0
696,57.00000000000001,97.352059446564,0.08736673583605563,0.084, 57.0
697,57.0,97.3451072708703,0.08736361634347915,0.084, 57.0
698,57.0,97.33815534341791,0.0873604968509007,0.084, 57.0
699,57.00000000000001,97.33120366420685,0.08735737735832026,0.084, 57.0
700,56.99999999999999,97.32425223323715,0.08735425786573782,0.084, 57.0
701,57.0,97.31730105050877,0.0873511383731534,0.084, 57.0
702,56.99999999999999,97.31035011602171,0.087348018880567,0.084, 57.0
703,56.99999999999999,97.303399429776,0.08734489938797858,0.084, 57.0
704,56.999999999999986,97.29644899177161,0.0873417798953882,0.084, 57.0
705,57.0,97.2894988020086,0.08733866040279582,0.084, 57.0
706,56.99999999999999,97.28254886048687,0.08733554091020147,0.084, 57.0
707,56.999999999999986,97.2755991672065,0.08733242141760511,0.084, 57.0
708,57.0,97.26864972216748,0.08732930192500676,0.084, 57.0
709,56.99999999999999,97.26170052536975,0.08732618243240645,0.084, 57.0
710,57.0,97.25475157681336,0.0873230629398041,0.084, 57.0
711,56.99999999999999,97.2478028764983,0.08731994344719979,0.084, 57.0
712,56.99999999999999,97.24085442442458,0.08731682395459346,0.084, 57.0
713,56.999999999999986,97.2339062205922,0.08731370446198516,0.084, 57.0
714,57.00000000000001,97.2269582650012,0.08731058496937487,0.084, 57.0
715,56.99999999999999,97.22001055765149,0.08730746547676262,0.084, 57.0
716,56.99999999999999,97.21306309854312,0.08730434598414834,0.084, 57.0
717,56.999999999999986,97.20611588767608,0.08730122649153207,0.084, 57.0
718,57.00000000000001,97.19916892505042,0.08729810699891381,0.084, 57.0
719,57.0,97.19222221066605,0.08729498750629358,0.084, 57.0
720,57.0,97.185275744523,0.08729186801367135,0.084, 57.0
721,56.99999999999999,97.17832952662128,0.08728874852104711,0.084, 57.0
722,56.99999999999999,97.17138355696092,0.08728562902842087,0.084, 57.0
723,57.0,97.16443783554189,0.08728250953579265,0.084, 57.0
724,57.00000000000001,97.15749236236418,0.08727939004316246,0.084, 57.0
725,56.99999999999999,97.15054713742784,0.08727627055053025,0.084, 57.0
726,56.99999999999999,97.14360216073281,0.08727315105789606,0.084, 57.0
727,57.0,97.13665743227914,0.08727003156525988,0.084, 57.0
728,56.99999999999999,97.12971295206677,0.08726691207262167,0.084, 57.0
729,56.99999999999999,97.12276872009576,0.08726379257998151,0.084, 57.0
730,57.0,97.1158247363661,0.08726067308733934,0.084, 57.0
731,57.0,97.10888100087774,0.08725755359469518,0.084, 57.0
732,57.0,97.10193751363073,0.08725443410204903,0.084, 57.0
733,57.0,97.09499427462505,0.08725131460940089,0.084, 57.0
734,56.99999999999999,97.08805128386071,0.08724819511675072,0.084, 57.0
735,56.99999999999999,97.08110854133773,0.08724507562409858,0.084, 57.0
736,57.0,97.07416604705608,0.08724195613144446,0.084, 57.0
737,57.00000000000001,97.06722380101576,0.08723883663878833,0.084, 57.0
738,57.00000000000001,97.0602818032168,0.08723571714613021,0.084, 57.0
739,57.0,97.05334005365917,0.0872325976534701,0.084, 57.0
740,56.99999999999999,97.04639855234286,0.087229478160808,0.084, 57.0
741,57.00000000000001,97.03945729926791,0.08722635866814389,0.084, 57.0
742,56.99999999999999,97.0325162944343,0.0872232391754778,0.084, 57.0
743,56.99999999999999,97.02557553784203,0.08722011968280971,0.084, 57.0
744,56.99999999999999,97.0186350294911,0.08721700019013963,0.084, 57.0
745,56.999999999999986,97.01169476938149,0.08721388069746755,0.084, 57.0
746,57.00000000000001,97.00475475751327,0.08721076120479347,0.084, 57.0
747,57.0,96.99781499388635,0.08720764171211741,0.084, 57.0
748,56.99999999999999,96.99087547850075,0.08720452221943935,0.084, 57.0
749,56.999999999999986,96.98393621135652,0.08720140272675928,0.084, 57.0
750,57.000000000000014,96.97699719245367,0.08719828323407723,0.084, 57.0
751,57.00000000000001,96.97005842179213,0.08719516374139318,0.084, 57.0
752,56.999999999999986,96.96311989937192,0.08719204424870713,0.084, 57.0
753,57.0,96.95618162519308,0.0871889247560191,0.084, 57.0
754,57.00000000000001,96.94924359925552,0.08718580526332907,0.084, 57.0
755,57.0,96.94230582155933,0.08718268577063701,0.084, 57.0
756,57.0,96.93536829210446,0.08717956627794297,0.084, 57.0
757,57.0,96.92843101089093,0.08717644678524693,0.084, 57.0
758,57.00000000000001,96.92149397791874,0.0871733272925489,0.084, 57.0
759,56.99999999999999,96.91455719318792,0.08717020779984885,0.084, 57.0
760,56.999999999999986,96.90762065669843,0.08716708830714683,0.084, 57.0
761,57.00000000000001,96.90068436845031,0.0871639688144428,0.084, 57.0
762,56.99999999999999,96.89374832844351,0.08716084932173679,0.084, 57.0
763,57.0,96.88681253667805,0.08715772982902877,0.084, 57.0
764,57.00000000000001,96.87987699315391,0.08715461033631876,0.084, 57.0
765,56.99999999999999,96.87294169787114,0.08715149084360674,0.084, 57.0
766,56.999999999999986,96.8660066508297,0.08714837135089272,0.084, 57.0
767,57.00000000000001,96.85907185202964,0.08714525185817669,0.084, 57.0
768,57.0,96.8521373014709,0.0871421323654587,0.084, 57.0
769,57.0,96.84520299915349,0.08713901287273869,0.084, 57.0
770,57.00000000000001,96.8382689450774,0.08713589338001669,0.084, 57.0
771,57.0,96.83133513924268,0.08713277388729265,0.084, 57.0
772,57.0,96.8244015816493,0.08712965439456664,0.084, 57.0
773,57.0,96.81746827229725,0.08712653490183864,0.084, 57.0
774,57.000000000000014,96.81053521118655,0.08712341540910862,0.084, 57.0
775,57.00000000000001,96.80360239831722,0.08712029591637661,0.084, 57.0
776,56.999999999999986,96.79666983368922,0.08711717642364261,0.084, 57.0
777,57.0,96.7897375173026,0.0871140569309066,0.084, 57.0
778,56.99999999999999,96.78280544915727,0.08711093743816861,0.084, 57.0
779,56.99999999999999,96.7758736292533,0.0871078179454286,0.084, 57.0
780,57.0,96.76894205759068,0.08710469845268658,0.084, 57.0
781,56.99999999999999,96.76201073416938,0.08710157895994257,0.084, 57.0
782,56.99999999999999,96.75507965898944,0.08709845946719655,0.084, 57.0
783,56.99999999999999,96.74814883205086,0.08709533997444854,0.084, 57.0
784,57.00000000000001,96.74121825335362,0.08709222048169853,0.084, 57.0
785,57.00000000000001,96.73428792289774,0.08708910098894651,0.084, 57.0
786,57.0,96.7273578406832,0.08708598149619251,0.084, 57.0
787,57.0,96.72042800670998,0.08708286200343648,0.084, 57.0
788,57.0,96.71349842097811,0.08707974251067847,0.084, 57.0
789,57.0,96.7065690834876,0.08707662301791845,0.084, 57.0
790,57.00000000000001,96.69963999423841,0.08707350352515643,0.084, 57.0
791,57.0,96.6927111532306,0.0870703840323924,0.084, 57.0
792,57.0,96.68578256046412,0.08706726453962636,0.084, 57.0
793,57.0,96.67885421593898,0.08706414504685835,0.084, 57.0
794,57.0,96.6719261196552,0.0870610255540883,0.084, 57.0
795,57.0,96.66499827161276,0.08705790606131628,0.084, 57.0
796,57.0,96.65807067181166,0.08705478656854222,0.084, 57.0
797,56.99999999999999,96.6511433202519,0.0870516670757662,0.084, 57.0
798,56.99999999999999,96.64421621693351,0.08704854758298813,0.084, 57.0
799,56.999999999999986,96.63728936185647,0.0870454280902081,0.084, 57.0
800,57.0,96.63036275502083,0.08704230859742604,0.084, 57.0
801,57.0,96.62343639642647,0.08703918910464202,0.084, 57.0
802,56.99999999999999,96.61651028607346,0.08703606961185595,0.084, 57.0
803,56.99999999999999,96.60958442396182,0.08703295011906789,0.084, 57.0
804,56.99999999999999,96.60265881009153,0.08702983062627782,0.084, 57.0
805,56.99999999999999,96.59573344446258,0.08702671113348578,0.084, 57.0
806,57.00000000000001,96.58880832707499,0.0870235916406917,0.084, 57.0
807,57.0,96.58188345792874,0.08702047214789563,0.084, 57.0
808,56.99999999999999,96.57495883702383,0.08701735265509755,0.084, 57.0
809,56.999999999999986,96.56803446436028,0.08701423316229748,0.084, 57.0
810,57.0,96.56111033993812,0.08701111366949539,0.084, 57.0
811,56.99999999999999,96.55418646375726,0.08700799417669132,0.084, 57.0
812,56.999999999999986,96.54726283581776,0.08700487468388521,0.084, 57.0
813,57.0,96.54033945611965,0.08700175519107711,0.084, 57.0
814,57.0,96.53341632466284,0.08699863569826702,0.084, 57.0
815,56.99999999999999,96.52649344144737,0.08699551620545491,0.084, 57.0
816,56.999999999999986,96.51957080647327,0.08699239671264078,0.084, 57.0
817,56.99999999999999,96.51264841974056,0.08698927721982466,0.084, 57.0
818,57.0,96.50572628124917,0.08698615772700655,0.084, 57.0
819,57.0,96.49880439099911,0.0869830382341864,0.084, 57.0
820,56.99999999999999,96.4918827489904,0.08697991874136428,0.084, 57.0
821,56.99999999999999,96.48496135522306,0.08697679924854013,0.084, 57.0
822,56.999999999999986,96.47804020969707,0.08697367975571396,0.084, 57.0
823,57.0,96.47111931241247,0.0869705602628858,0.084, 57.0
824,57.0,96.46419866336916,0.08696744077005567,0.084, 57.0
825,57.00000000000001,96.45727826256721,0.08696432127722348,0.084, 57.0
826,56.99999999999999,96.45035811000663,0.08696120178438929,0.084, 57.0
827,57.0,96.4434382056874,0.0869580822915531,0.084, 57.0
828,57.00000000000001,96.4365185496095,0.08695496279871491,0.084, 57.0
829,57.0,96.42959914177298,0.08695184330587469,0.084, 57.0
830,56.99999999999999,96.4226799821778,0.0869487238130325,0.084, 57.0
831,56.99999999999999,96.41576107082398,0.08694560432018827,0.084, 57.0
832,56.999999999999986,96.40884240771152,0.08694248482734204,0.084, 57.0
833,57.0,96.40192399284044,0.0869393653344938,0.084, 57.0
834,57.0,96.39500582621066,0.08693624584164358,0.084, 57.0
835,57.0,96.38808790782224,0.08693312634879133,0.084, 57.0
836,56.99999999999999,96.38117023767518,0.08693000685593705,0.084, 57.0
837,56.99999999999999,96.37425281576948,0.08692688736308078,0.084, 57.0
838,56.99999999999999,96.36733564210513,0.08692376787022252,0.084, 57.0
839,56.99999999999999,96.36041871668215,0.08692064837736223,0.084, 57.0
840,56.99999999999999,96.35350203950051,0.08691752888449994,0.084, 57.0
841,56.99999999999999,96.34658561056024,0.08691440939163562,0.084, 57.0
842,56.99999999999999,96.33966942986132,0.08691128989876933,0.084, 57.0
843,57.0,96.33275349740374,0.086908170405901,0.084, 57.0
844,56.99999999999999,96.32583781318752,0.08690505091303068,0.084, 57.0
845,56.99999999999999,96.31892237721266,0.08690193142015834,0.084, 57.0
846,57.0,96.31200718947916,0.08689881192728399,0.084, 57.0
847,56.99999999999999,96.305092249987,0.08689569243440762,0.084, 57.0
848,56.99999999999999,96.29817755873621,0.08689257294152926,0.084, 57.0
849,56.99999999999999,96.29126311572678,0.08688945344864889,0.084, 57.0
850,56.99999999999999,96.2843489209587,0.08688633395576649,0.084, 57.0
851,57.0,96.27743497443198,0.0868832144628821,0.084, 57.0
852,56.99999999999999,96.2705212761466,0.08688009496999569,0.084, 57.0
853,57.0,96.26360782610259,0.08687697547710724,0.084, 57.0
854,56.99999999999999,96.25669462429991,0.08687385598421682,0.084, 57.0
855,56.99999999999999,96.24978167073861,0.08687073649132436,0.084, 57.0
856,56.99999999999999,96.24286896541868,0.08686761699842992,0.084, 57.0
857,56.99999999999999,96.2359565083401,0.08686449750553343,0.084, 57.0
858,57.0,96.22904429950287,0.08686137801263497,0.084, 57.0
859,56.99999999999999,96.22213233890699,0.08685825851973449,0.084, 57.0
860,56.999999999999986,96.21522062655248,0.08685513902683197,0.084, 57.0
861,57.0,96.20830916243936,0.08685201953392745,0.084, 57.0
862,56.99999999999999,96.20139794656755,0.08684890004102094,0.084, 57.0
863,56.999999999999986,96.19448697893712,0.08684578054811239,0.084, 57.0
864,57.00000000000001,96.18757625954808,0.08684266105520184,0.084, 57.0
865,57.0,96.18066578840036,0.0868395415622893,0.084, 57.0
866,57.0,96.17375556549398,0.08683642206937472,0.084, 57.0
867,57.0,96.16684559082896,0.08683330257645813,0.084, 57.0
868,57.0,96.1599358644053,0.08683018308353951,0.084, 57.0
869,57.0,96.153026386223,0.0868270635906189,0.084, 57.0
870,57.0,96.14611715628206,0.08682394409769625,0.084, 57.0
871,56.99999999999999,96.13920817458248,0.0868208246047716,0.084, 57.0
872,57.0,96.13229944112427,0.08681770511184494,0.084, 57.0
873,57.0,96.1253909559074,0.08681458561891627,0.084, 57.0
874,56.99999999999999,96.1184827189319,0.08681146612598557,0.084, 57.0
875,56.99999999999999,96.11157473019777,0.08680834663305287,0.084, 57.0
876,56.999999999999986,96.10466698970501,0.08680522714011817,0.084, 57.0
877,57.0,96.09775949745364,0.08680210764718144,0.084, 57.0
878,57.00000000000001,96.09085225344357,0.08679898815424271,0.084, 57.0
879,57.0,96.08394525767488,0.08679586866130194,0.084, 57.0
880,56.99999999999999,96.07703851014755,0.08679274916835916,0.084, 57.0
881,56.99999999999999,96.07013201086158,0.08678962967541437,0.084, 57.0
882,56.99999999999999,96.06322575981699,0.08678651018246758,0.084, 57.0
883,56.99999999999999,96.05631975701375,0.08678339068951876,0.084, 57.0
884,56.99999999999999,96.04941400245188,0.08678027119656793,0.084, 57.0
885,57.0,96.04250849613136,0.0867771517036151,0.084, 57.0
886,57.0,96.03560323805219,0.08677403221066023,0.084, 57.0
887,57.00000000000001,96.02869822821438,0.08677091271770335,0.084, 57.0
888,56.99999999999999,96.02179346661795,0.08676779322474444,0.084, 57.0
889,56.99999999999999,96.01488895326288,0.08676467373178354,0.084, 57.0
890,57.0,96.00798468814918,0.0867615542388206,0.084, 57.0
891,57.00000000000001,96.00108067127682,0.08675843474585566,0.084, 57.0
892,56.99999999999999,95.99417690264585,0.08675531525288871,0.084, 57.0
893,57.0,95.98727338225623,0.08675219575991973,0.084, 57.0
894,56.99999999999999,95.98037011010797,0.08674907626694875,0.084, 57.0
895,56.999999999999986,95.97346708620108,0.08674595677397572,0.084, 57.0
896,57.0,95.96656431053559,0.08674283728100071,0.084, 57.0
897,57.0,95.95966178311141,0.08673971778802367,0.084, 57.0
898,57.0,95.9527595039286,0.0867365982950446,0.084, 57.0
899,57.0,95.94585747298716,0.08673347880206353,0.084, 57.0
900,57.0,95.93895569028707,0.08673035930908043,0.084, 57.0
901,57.0,95.93205415582835,0.08672723981609531,0.084, 57.0
902,57.00000000000001,95.925152869611,0.08672412032310817,0.084, 57.0
903,56.99999999999999,95.91825183163502,0.08672100083011901,0.084, 57.0
904,57.0,95.9113510419004,0.08671788133712785,0.084, 57.0
905,57.0,95.90445050040714,0.08671476184413465,0.084, 57.0
906,57.00000000000001,95.89755020715523,0.08671164235113944,0.084, 57.0
907,56.999999999999986,95.89065016214472,0.08670852285814222,0.084, 57.0
908,57.00000000000001,95.8837503653756,0.08670540336514297,0.084, 57.0
909,56.999999999999986,95.87685081684782,0.08670228387214174,0.084, 57.0
910,57.00000000000001,95.86995151656143,0.08669916437913845,0.084, 57.0
911,57.00000000000001,95.86305246451637,0.08669604488613317,0.084, 57.0
912,57.0,95.85615366071268,0.08669292539312586,0.084, 57.0
913,57.00000000000001,95.84925510515033,0.08668980590011652,0.084, 57.0
914,56.99999999999999,95.84235679782938,0.08668668640710514,0.084, 57.0
915,56.99999999999999,95.8354587387498,0.08668356691409176,0.084, 57.0
916,56.999999999999986,95.82856092791157,0.08668044742107636,0.084, 57.0
917,57.0,95.82166336531475,0.08667732792805895,0.084, 57.0
918,57.0,95.81476605095924,0.08667420843503953,0.084, 57.0
919,56.999999999999986,95.8078689848451,0.08667108894201805,0.084, 57.0
920,57.0,95.80097216697239,0.08666796944899458,0.084, 57.0
921,56.99999999999999,95.79407559734098,0.0866648499559691,0.084, 57.0
922,56.999999999999986,95.78717927595096,0.08666173046294157,0.084, 57.0
923,57.0,95.78028320280235,0.08665861096991202,0.084, 57.0
924,57.00000000000001,95.77338737789505,0.08665549147688047,0.084, 57.0
925,56.99999999999999,95.76649180122914,0.08665237198384688,0.084, 57.0
926,56.999999999999986,95.75959647280459,0.08664925249081128,0.084, 57.0
927,57.0,95.75270139262145,0.08664613299777366,0.084, 57.0
928,56.99999999999999,95.74580656067963,0.08664301350473401,0.084, 57.0
929,56.99999999999999,95.73891197697918,0.08663989401169235,0.084, 57.0
930,56.99999999999999,95.73201764152012,0.08663677451864865,0.084, 57.0
931,56.99999999999999,95.72512355430241,0.08663365502560294,0.084, 57.0
932,56.99999999999999,95.71822971532607,0.0866305355325552,0.084, 57.0
933,56.999999999999986,95.71133612459111,0.08662741603950544,0.084, 57.0
934,56.99999999999999,95.70444278209756,0.08662429654645366,0.084, 57.0
935,56.99999999999999,95.69754968784534,0.08662117705339988,0.084, 57.0
936,56.99999999999999,95.69065684183448,0.08661805756034406,0.084, 57.0
937,56.99999999999999,95.683764244065,0.08661493806728619,0.084, 57.0
938,57.0,95.67687189453689,0.08661181857422633,0.084, 57.0
939,57.0,95.66997979325012,0.08660869908116443,0.084, 57.0
940,57.0,95.66308794020473,0.0866055795881005,0.084, 57.0
941,57.0,95.65619633540071,0.08660246009503454,0.084, 57.0
942,57.0,95.64930497883806,0.08659934060196657,0.084, 57.0
943,57.0,95.64241387051678,0.08659622110889657,0.084, 57.0
944,57.00000000000001,95.63552301043687,0.08659310161582455,0.084, 57.0
945,56.99999999999999,95.62863239859836,0.0865899821227505,0.084, 57.0
946,56.99999999999999,95.6217420350012,0.08658686262967444,0.084, 57.0
947,56.99999999999999,95.61485191964543,0.08658374313659634,0.084, 57.0
948,56.99999999999999,95.60796205253102,0.08658062364351624,0.084, 57.0
949,56.999999999999986,95.60107243365799,0.0865775041504341,0.084, 57.0
950,56.99999999999999,95.59418306302636,0.08657438465734994,0.084, 57.0
951,57.0,95.58729394063607,0.08657126516426375,0.084, 57.0
952,57.0,95.58040506648715,0.08656814567117554,0.084, 57.0
953,57.0,95.57351644057958,0.0865650261780853,0.084, 57.0
954,57.0,95.5666280629134,0.08656190668499301,0.084, 57.0
955,57.0,95.55973993348859,0.08655878719189873,0.084, 57.0
956,57.0,95.55285205230514,0.08655566769880241,0.084, 57.0
957,57.00000000000001,95.54596441936307,0.08655254820570406,0.084, 57.0
958,56.99999999999999,95.5390770346624,0.08654942871260367,0.084, 57.0
959,56.99999999999999,95.5321898982031,0.08654630921950128,0.084, 57.0
960,56.99999999999999,95.52530300998517,0.08654318972639687,0.084, 57.0
961,56.99999999999999,95.51841637000861,0.08654007023329041,0.084, 57.0
962,57.0,95.51152997827343,0.08653695074018194,0.084, 57.0
963,57.0,95.5046438347796,0.08653383124707145,0.084, 57.0
964,57.0,95.49775793952715,0.0865307117539589,0.084, 57.0
965,57.00000000000001,95.49087229251607,0.08652759226084435,0.084, 57.0
966,57.0,95.48398689374639,0.08652447276772775,0.084, 57.0
967,57.0,95.47710174321806,0.08652135327460914,0.084, 57.0
968,57.0,95.4702168409311,0.0865182337814885,0.084, 57.0
969,56.99999999999999,95.46333218688552,0.08651511428836581,0.084, 57.0
970,57.0,95.45644778108134,0.0865119947952411,0.084, 57.0
971,57.0,95.44956362351851,0.08650887530211439,0.084, 57.0
972,57.0,95.44267971419707,0.08650575580898565,0.084, 57.0
973,57.00000000000001,95.435796053117,0.08650263631585486,0.084, 57.0
974,57.0,95.42891264027833,0.08649951682272204,0.084, 57.0
975,57.00000000000001,95.422029475681,0.08649639732958721,0.084, 57.0
976,56.99999999999999,95.41514655932508,0.08649327783645033,0.084, 57.0
977,56.99999999999999,95.40826389121052,0.08649015834331145,0.084, 57.0
978,56.99999999999999,95.40138147133734,0.08648703885017052,0.084, 57.0
979,57.0,95.39449929970554,0.08648391935702758,0.084, 57.0
980,57.0,95.3876173763151,0.0864807998638826,0.084, 57.0
981,57.00000000000001,95.38073570116605,0.08647768037073557,0.084, 57.0
982,56.99999999999999,95.37385427425838,0.08647456087758652,0.084, 57.0
983,56.99999999999999,95.36697309559209,0.08647144138443547,0.084, 57.0
984,56.99999999999999,95.36009216516717,0.08646832189128235,0.084, 57.0
985,56.99999999999999,95.35321148298364,0.08646520239812723,0.084, 57.0
986,57.0,95.34633104904148,0.08646208290497008,0.084, 57.0
987,57.0,95.33945086334069,0.08645896341181089,0.084, 57.0
988,57.0,95.33257092588127,0.08645584391864965,0.084, 57.0
989,57.0,95.32569123666323,0.08645272442548639,0.084, 57.0
990,56.99999999999999,95.31881179568657,0.08644960493232111,0.084, 57.0
991,57.0,95.3119326029513,0.08644648543915379,0.084, 57.0
992,56.99999999999999,95.3050536584574,0.08644336594598444,0.084, 57.0
993,57.0,95.2981749622049,0.08644024645281306,0.084, 57.0
994,56.99999999999999,95.29129651419375,0.08643712695963966,0.084, 57.0
995,57.0,95.284418314424,0.08643400746646421,0.084, 57.0
996,57.0,95.27754036289562,0.08643088797328674,0.084, 57.0
997,57.0,95.27066265960862,0.08642776848010723,0.084, 57.0
998,57.00000000000001,95.26378520456299,0.08642464898692569,0.084, 57.0
999,56.99999999999999,95.25690799775877,0.08642152949374211,0.084, 57.0
1000,56.999999999999986,95.25003103919593,0.08641841000055653,0.084, 57.0
