tempo,temp,h,vazao,vazaoideal,tempideal+
1,-5.319308177178269,2.158158475531111,0.012521980673998822,0.084, 57.0
2,13.595696980694546,2.8692420669858123,0.013007675598723975,0.084, 57.0
3,24.93923064549113,3.576899024784207,0.01499828583711111,0.084, 57.0
4,32.41472133588521,4.274732378354962,0.016746010974052355,0.084, 57.0
5,37.73571702304219,4.966665839912359,0.018306802518818763,0.084, 57.0
6,41.724787146657356,5.6546158929071275,0.019732881235367757,0.084, 57.0
7,44.444468549236895,6.279378103398708,0.02105521042411875,0.084, 57.0
8,46.24625429276564,6.82829096656722,0.022187907591894707,0.084, 57.0
9,47.5726115774936,7.336330770170051,0.02313737262047854,0.084, 57.0
10,48.60483604491328,7.817989325547871,0.02398266733249936,0.084, 57.0
11,49.435834138272945,8.280629994244345,0.02475743046285202,0.084, 57.0
12,50.120673100355425,8.728658666992429,0.025479430754017183,0.084, 57.0
13,50.69497308775554,9.164985874062781,0.026159641425145843,0.084, 57.0
14,51.18318164310921,9.591668557426097,0.02680550116163699,0.084, 57.0
15,51.60281372610109,10.01023237592668,0.027422377995028186,0.084, 57.0
16,51.96861918649118,10.422413810418073,0.02801432166361791,0.084, 57.0
17,52.29247205043933,10.829894583015948,0.028585262684410945,0.084, 57.0
18,52.58051339617716,11.233079408236843,0.029138698243203153,0.084, 57.0
19,52.83779865464852,11.63233424446293,0.02967614236395574,0.084, 57.0
20,53.06851552906795,12.027987661406485,0.03019892390079312,0.084, 57.0
21,53.276161009395054,12.420336006316282,0.03070821116011593,0.084, 57.0
22,53.46367608735933,12.809647397129906,0.03120503713978236,0.084, 57.0
23,53.633548797647265,13.196164501899869,0.03169031959344974,0.084, 57.0
24,53.78789389424581,13.580106366179967,0.03216487675942425,0.084, 57.0
25,53.92852089171293,13.961672101718495,0.03262943976087407,0.084, 57.0
26,54.056984564886164,14.341042448960417,0.03308466552308985,0.084, 57.0
27,54.174627598229456,14.718382028957304,0.033531145641008106,0.084, 57.0
28,54.28261167097454,15.093822856384385,0.0339694149356484,0.084, 57.0
29,54.38194564880597,15.467441865289436,0.03439993767349784,0.084, 57.0
30,54.47351735175981,15.839369699293714,0.034823087775765836,0.084, 57.0
31,54.558105540745295,16.20972611750147,0.03523927616204151,0.084, 57.0
32,54.63639529533725,16.578620899035066,0.03564887834998621,0.084, 57.0
33,54.70899023601052,16.946154283372252,0.03605223818966514,0.084, 57.0
34,54.77642454713361,17.312418328021916,0.03644967072301731,0.084, 57.0
35,54.839173247141915,17.67749823998831,0.03684146572704347,0.084, 57.0
36,54.89765826706476,18.04147204359376,0.03722789091548276,0.084, 57.0
37,54.95225587746617,18.40441158331437,0.037609193134362125,0.084, 57.0
38,55.00330260562249,18.766383190011002,0.037985600799932684,0.084, 57.0
39,55.05110013544516,19.12744818035142,0.03835732579438852,0.084, 57.0
40,55.09592026672633,19.487663793345863,0.038724565037448144,0.084, 57.0
41,55.138006976622066,19.847082599054026,0.03908750236838261,0.084, 57.0
42,55.17758035662576,20.205753349630605,0.03944630877237864,0.084, 57.0
43,55.21483965008916,20.56372151861867,0.03980114398621024,0.084, 57.0
44,55.249965274515866,20.921029375223135,0.04015215768871835,0.084, 57.0
45,55.283120685519194,21.277716106655966,0.04049949015750067,0.084, 57.0
46,55.31445443629412,21.633818224806852,0.04084327291931718,0.084, 57.0
47,55.34410214342638,21.989370068266055,0.04118362962179096,0.084, 57.0
48,55.37218716781741,22.34440348840516,0.041520676937545936,0.084, 57.0
49,55.39882249984222,22.698948505388355,0.04185452464777213,0.084, 57.0
50,55.42411122693245,23.053033026370112,0.04218527661189917,0.084, 57.0
51,55.44814758766683,23.406683052451076,0.04251303081723787,0.084, 57.0
52,55.47101800808504,23.75992295017354,0.04283787986481316,0.084, 57.0
53,55.49280186925548,24.112775586072605,0.04315991148384813,0.084, 57.0
54,55.51357279902652,24.465262939586175,0.04347920889285007,0.084, 57.0
55,55.53339795079741,24.817405165860183,0.04379585156682715,0.084, 57.0
56,55.55233922319005,25.169221218254872,0.04410991458848496,0.084, 57.0
57,55.57045373732917,25.520728934164588,0.04442146939837968,0.084, 57.0
58,55.58779489475633,25.87194564893904,0.04473058403864747,0.084, 57.0
59,55.604411724501844,26.222887416313636,0.045037323842306846,0.084, 57.0
60,55.620349430473965,26.57356921849959,0.04534175088634083,0.084, 57.0
61,55.635649955489924,26.924005240868752,0.04564392431343265,0.084, 57.0
62,55.65035270388349,27.274209328123845,0.045943900692954995,0.084, 57.0
63,55.664493682649244,27.624194055558846,0.04624173451899171,0.084, 57.0
64,55.678106361237,27.973971320565063,0.04653747752033637,0.084, 57.0
65,55.69122236170933,28.32355283488645,0.046831179266940325,0.084, 57.0
66,55.703870905353924,28.67294949552073,0.047122887668892895,0.084, 57.0
67,55.716078987379625,29.022171412014483,0.047412648528096644,0.084, 57.0
68,55.727872057818814,29.371228432864925,0.04770050564409078,0.084, 57.0
69,55.7392740867133,29.720130118574964,0.047986501322107356,0.084, 57.0
70,55.75030700821534,30.06888510873849,0.048270676412251336,0.084, 57.0
71,55.76099149403454,30.417501775703027,0.04855306985685969,0.084, 57.0
72,55.771347321111755,30.765988521211735,0.0488337192850915,0.084, 57.0
73,55.78139243231964,31.114352768600074,0.049112661300961896,0.084, 57.0
74,55.791143790335376,31.462601737369567,0.04938993072538416,0.084, 57.0
75,55.80061777518917,31.81074279963405,0.049665561269452846,0.084, 57.0
76,55.80982915641094,32.15878236631279,0.04993958585622541,0.084, 57.0
77,55.81879201766446,32.50672677830841,0.05021203578345458,0.084, 57.0
78,55.827519945172305,32.854582468745335,0.05048294146956356,0.084, 57.0
79,55.836025166331446,33.202355000990124,0.05075233261190696,0.084, 57.0
80,55.844319537481105,33.55005007379508,0.05102023747570787,0.084, 57.0
81,55.852414310230344,33.89767324103243,0.05128668370820572,0.084, 57.0
82,55.860319661168624,34.24522935268032,0.05155169814949787,0.084, 57.0
83,55.86804574101608,34.592723677659684,0.051815306437867734,0.084, 57.0
84,55.87560191417132,34.94016104119731,0.052077533892538726,0.084, 57.0
85,55.88299669811346,35.28754569999254,0.05233840488236023,0.084, 57.0
86,55.89023891398114,35.63488263532089,0.052597942762806,0.084, 57.0
87,55.89733612159368,35.982175736522706,0.052856170865937295,0.084, 57.0
88,55.90429578679693,36.32942911141808,0.05311311116610832,0.084, 57.0
89,55.911125150310525,36.67664692366713,0.05336878528067861,0.084, 57.0
90,55.91783058066612,37.02383260153621,0.05362321436482061,0.084, 57.0
91,55.924418786286694,37.370990261491286,0.05387641855172298,0.084, 57.0
92,55.93089559973246,37.71812323659274,0.054128418012176535,0.084, 57.0
93,55.93726666230869,38.06523487499446,0.05437923189737853,0.084, 57.0
94,55.94353765085995,38.41232881140081,0.054628878939619166,0.084, 57.0
95,55.94971338379789,38.759407844662505,0.05487737765977729,0.084, 57.0
96,55.95579913425814,39.10647555619308,0.05512474557783955,0.084, 57.0
97,55.96179936481755,39.45353471566369,0.055371000384727906,0.084, 57.0
98,55.96771851235479,39.80058824954201,0.05561615881835093,0.084, 57.0
99,55.97356097750766,40.14763922521133,0.055860237367595336,0.084, 57.0
100,55.9793304382631,40.494689948999785,0.05610325226986907,0.084, 57.0
101,55.98503125593986,40.841743785185656,0.056345218892125924,0.084, 57.0
102,55.990666735347915,41.18880287377985,0.0565861530125397,0.084, 57.0
103,55.9962405765718,41.53587002407237,0.056826069240308544,0.084, 57.0
104,56.00175607842144,41.88294765659346,0.057064982343704225,0.084, 57.0
105,56.007216338100505,42.23003805413612,0.057302906525558785,0.084, 57.0
106,56.01262466272984,42.577143916272654,0.05753985560847605,0.084, 57.0
107,56.01798359942169,42.9242670263263,0.057775843421241174,0.084, 57.0
108,56.02329647500579,43.27141036049925,0.05801088290022815,0.084, 57.0
109,56.028565583249126,43.618575578212074,0.05824498752908392,0.084, 57.0
110,56.033793774125044,43.96576522033854,0.058478169647585815,0.084, 57.0
111,56.03898337168199,44.31298119249019,0.05871044194412559,0.084, 57.0
112,56.04413678949207,44.66022562266152,0.05894181644207473,0.084, 57.0
113,56.04925642442106,45.007498612578416,0.05917230508283976,0.084, 57.0
114,56.05434506472574,45.354758293434585,0.05940191824534077,0.084, 57.0
115,56.059406050843144,45.7019503762591,0.05963063851918132,0.084, 57.0
116,56.064441849261435,46.04902152503157,0.05985844058692737,0.084, 57.0
117,56.069455618472524,46.395919599874865,0.06008530009546824,0.084, 57.0
118,56.07444943154677,46.74259112118142,0.06031119379211615,0.084, 57.0
119,56.079426046101865,47.08898380609266,0.06053609785822525,0.084, 57.0
120,56.08438737767832,47.43504120667141,0.060759989552316956,0.084, 57.0
121,56.08933571576705,47.78071115517842,0.06098284373988342,0.084, 57.0
122,56.0942727720492,48.12594114158917,0.06120463834192625,0.084, 57.0
123,56.09920040874793,48.47067941531788,0.06142535132582143,0.084, 57.0
124,56.10412020424691,48.81487180114161,0.06164496140124448,0.084, 57.0
125,56.109033638773035,49.158465827310174,0.06186344598556972,0.084, 57.0
126,56.11394209520409,49.50141097176467,0.062080783829306777,0.084, 57.0
127,56.11884668618159,49.84365712692612,0.06229695514378171,0.084, 57.0
128,56.12374864827004,50.185151329889656,0.06251194060938285,0.084, 57.0
129,56.12864877714762,50.52584410625243,0.06272571932041393,0.084, 57.0
130,56.133548101168756,50.865687810113194,0.06293827275934882,0.084, 57.0
131,56.13844714530113,51.204632776824155,0.0631495837224037,0.084, 57.0
132,56.14334675505456,51.5426306678068,0.06335963391389675,0.084, 57.0
133,56.14824720678305,51.879635983171354,0.0635684060234017,0.084, 57.0
134,56.15314918343344,52.215602508359126,0.06377588463581384,0.084, 57.0
135,56.15805278595882,52.55048400959998,0.06398205402029038,0.084, 57.0
136,56.162958467658356,52.884257011698026,0.06418689855689118,0.084, 57.0
137,56.167866245003545,53.216917003925325,0.06439041659841258,0.084, 57.0
138,56.17277648262443,53.54846519839278,0.06459261794592124,0.084, 57.0
139,56.17768925705071,53.878915316553915,0.06479351565977876,0.084, 57.0
140,56.182604838899245,54.20826268597038,0.06499313010478744,0.084, 57.0
141,56.18752339019957,54.536519578711065,0.06519147025938346,0.084, 57.0
142,56.19244508332495,54.86368732148739,0.0653885550763354,0.084, 57.0
143,56.197370171142104,55.18976504875705,0.06558439666570556,0.084, 57.0
144,56.20229871304805,55.51476635142558,0.06577900561594523,0.084, 57.0
145,56.20723109263932,55.83868571245907,0.0659724009109246,0.084, 57.0
146,56.212167192768966,56.1615312562325,0.06616458992434542,0.084, 57.0
147,56.217107588747844,56.483306441504126,0.0663555879371785,0.084, 57.0
148,56.222051956568336,56.80400495261905,0.06654540724207737,0.084, 57.0
149,56.22700105612189,57.12364330655801,0.06673405418738872,0.084, 57.0
150,56.23195458581945,57.44221543715628,0.06692154836249792,0.084, 57.0
151,56.23691303595962,57.75972184858101,0.06710789588619996,0.084, 57.0
152,56.24187638197561,58.07617164090462,0.0672931065780794,0.084, 57.0
153,56.246844807034535,58.39155451414358,0.0674771950857986,0.084, 57.0
154,56.25181852554965,58.70587365842392,0.06766016460155012,0.084, 57.0
155,56.256797459276164,59.01912964621858,0.06784202602237374,0.084, 57.0
156,56.26178206058359,59.33130988073971,0.06802278856577064,0.084, 57.0
157,56.266772058225165,59.6424258399856,0.06820245372895314,0.084, 57.0
158,56.271768030857174,59.95246754626621,0.06838103674159139,0.084, 57.0
159,56.27676973943129,60.261427170048165,0.06855854035513936,0.084, 57.0
160,56.281777471859414,60.56931502307525,0.06873496846679845,0.084, 57.0
161,56.28679132381963,60.87611999541286,0.06891033520313988,0.084, 57.0
162,56.29181112963537,61.18183550793906,0.06908464234285626,0.084, 57.0
163,56.296837380906744,61.48646091169951,0.06925789416248825,0.084, 57.0
164,56.30186972153777,61.78998776561527,0.06943009819579145,0.084, 57.0
165,56.30690856422649,62.09240820189443,0.06960125746582628,0.084, 57.0
166,56.311953850685356,62.393728176899565,0.06977137524105802,0.084, 57.0
167,56.31700551168286,62.69393671766582,0.0699404624596444,0.084, 57.0
168,56.322063895008895,62.99302676634172,0.0701085204427037,0.084, 57.0
169,56.32712869221153,63.29100456618953,0.07027555263732325,0.084, 57.0
170,56.332200323371836,63.58785497689594,0.07044156981491298,0.084, 57.0
171,56.33727862120102,63.883573835540226,0.07060657072956202,0.084, 57.0
172,56.34236352824872,64.17816336841155,0.07077056018364102,0.084, 57.0
173,56.347455303353584,64.47160429282472,0.07093354642257405,0.084, 57.0
174,56.352553575384874,64.7638918876314,0.0710955257140522,0.084, 57.0
175,56.357658724104475,65.05502780894113,0.07125650232778974,0.084, 57.0
176,56.362770618412135,65.34499980676802,0.07141648395308317,0.084, 57.0
177,56.36788896057907,65.63379914659855,0.07157547055277116,0.084, 57.0
178,56.37301431446339,65.92142820822568,0.07173346396970752,0.084, 57.0
179,56.3781462512615,66.20787646025386,0.07189047204967355,0.084, 57.0
180,56.38328478431517,66.49312975382912,0.07204649550452752,0.084, 57.0
181,56.38843012875739,66.77719280523368,0.07220153303566486,0.084, 57.0
182,56.393581851095064,67.06005653060461,0.07235559353588582,0.084, 57.0
183,56.3987401732901,67.34169960901015,0.0725086783219733,0.084, 57.0
184,56.403904945949115,67.62212155928911,0.07266078205845569,0.084, 57.0
185,56.40907575567216,67.90131833467368,0.07281191063451273,0.084, 57.0
186,56.41425310659793,68.17927036141528,0.07296206793559525,0.084, 57.0
187,56.41943656473683,68.45597304192295,0.07311124945133245,0.084, 57.0
188,56.424625942966465,68.73142706778476,0.07325945868273093,0.084, 57.0
189,56.429821520482285,69.00561391749761,0.07340670188827671,0.084, 57.0
190,56.43502279769675,69.27852137267958,0.07355297499851256,0.084, 57.0
191,56.44022984238658,69.55015416337613,0.07369827729070795,0.084, 57.0
192,56.44544276907988,69.820495792125,0.07384261700677117,0.084, 57.0
193,56.450661054855566,70.08953355371023,0.07398599103953803,0.084, 57.0
194,56.45588463783435,70.3572579818959,0.07412839827360958,0.084, 57.0
195,56.461113525599046,70.62365994833212,0.0742698392739653,0.084, 57.0
196,56.46634716321511,70.88872632378568,0.07441031474163538,0.084, 57.0
197,56.47158547802714,71.15243953047212,0.0745498232310768,0.084, 57.0
198,56.47682853148629,71.414800533989,0.07468836093521543,0.084, 57.0
199,56.482075750571866,71.67579777680946,0.0748259337520404,0.084, 57.0
200,56.487327013756854,71.9354132883626,0.07496254095014297,0.084, 57.0
201,56.492582267645275,72.1936337418077,0.07509817841870486,0.084, 57.0
202,56.497841025359,72.45046037996335,0.07523284445877162,0.084, 57.0
203,56.50310304201212,72.70587547964972,0.07536654492405186,0.084, 57.0
204,56.50836827504669,72.95985914121383,0.07549927574225158,0.084, 57.0
205,56.51363616503855,73.21240709766424,0.07563103170439477,0.084, 57.0
206,56.51890634101112,73.46351135082371,0.07576181568875497,0.084, 57.0
207,56.52417877610132,73.71314632742295,0.07589162858909129,0.084, 57.0
208,56.52945278221904,73.96129702954481,0.07602046219321452,0.084, 57.0
209,56.534727788663275,74.20796149074664,0.07614831375097098,0.084, 57.0
210,56.540004117632776,74.45312201720766,0.07627518719003275,0.084, 57.0
211,56.54528103695132,74.69676315346162,0.07640107830488442,0.084, 57.0
212,56.55055780384559,74.9388694250913,0.07652598402654742,0.084, 57.0
213,56.55583447426434,75.17943217064382,0.07664990125843059,0.084, 57.0
214,56.56111063874281,75.41843866686939,0.07677283036451422,0.084, 57.0
215,56.56638551010029,75.65587298824262,0.07689476959769474,0.084, 57.0
216,56.57165856852106,75.89171639376545,0.07701571555389343,0.084, 57.0
217,56.576929819595804,76.1259571858891,0.07713566338128695,0.084, 57.0
218,56.58219851341393,76.35858683582198,0.0772546117935603,0.084, 57.0
219,56.58746380349697,76.58958900748402,0.0773725610790314,0.084, 57.0
220,56.592725477204304,76.81893615266729,0.07748950753609644,0.084, 57.0
221,56.597982909449506,77.04661535982167,0.07760544178322236,0.084, 57.0
222,56.60323534543203,77.27262210739889,0.07772036183787374,0.084, 57.0
223,56.608482043386445,77.49693802997005,0.07783426991512205,0.084, 57.0
224,56.61372287187419,77.7195381125734,0.07794716121546474,0.084, 57.0
225,56.61895687950021,77.94040559220777,0.07805902758826654,0.084, 57.0
226,56.62418332720898,78.15954108744863,0.0781698650275737,0.084, 57.0
227,56.62940167410705,78.37692397634245,0.07827967821379936,0.084, 57.0
228,56.63461145414447,78.59253167228297,0.0783884611390302,0.084, 57.0
229,56.63981165036813,78.80634728722629,0.07849620680712531,0.084, 57.0
230,56.64500132270901,79.01836061507566,0.07860291106135027,0.084, 57.0
231,56.65018014111957,79.22855961896427,0.0787085730541593,0.084, 57.0
232,56.655347426534675,79.43692309564474,0.0788131909906381,0.084, 57.0
233,56.66050209644848,79.64343419853743,0.07891675849082087,0.084, 57.0
234,56.665643054772005,79.84807628076122,0.07901927132772951,0.084, 57.0
235,56.67076979019253,80.05083434984653,0.07912072535316951,0.084, 57.0
236,56.67588160480032,80.25169291867924,0.07922111721648445,0.084, 57.0
237,56.68097734824299,80.45063554160271,0.07932044329694869,0.084, 57.0
238,56.68605586305561,80.64764600646708,0.07941869947601542,0.084, 57.0
239,56.69111634662838,80.84270408437698,0.07951588172753302,0.084, 57.0
240,56.69615830931963,81.03579587039496,0.07961198402385884,0.084, 57.0
241,56.701180658303514,81.22691292070893,0.07970700343281616,0.084, 57.0
242,56.70618217263341,81.4160396774421,0.07980093967481573,0.084, 57.0
243,56.71116164248858,81.60316075745806,0.07989378893700974,0.084, 57.0
244,56.716118735981006,81.78825034849716,0.07998554746568103,0.084, 57.0
245,56.72105227531674,81.9712966120577,0.0800762063744417,0.084, 57.0
246,56.72596131005259,82.15229741014332,0.08016576360507847,0.084, 57.0
247,56.730844561766716,82.33123856753643,0.08025422180144318,0.084, 57.0
248,56.73570110527853,82.50810196687664,0.08034157767740721,0.084, 57.0
249,56.7405301989131,82.68286735275878,0.08042782599450969,0.084, 57.0
250,56.745330539997255,82.85552166732789,0.08051296045020509,0.084, 57.0
251,56.75010094925576,83.02605902983677,0.08059697822324673,0.084, 57.0
252,56.75484025933823,83.19447435960925,0.08067987994499747,0.084, 57.0
253,56.75954750882602,83.36074945699973,0.08076166658627945,0.084, 57.0
254,56.764221759805935,83.52486612423114,0.08084233270650211,0.084, 57.0
255,56.76886170476644,83.68681376783846,0.0809218728412765,0.084, 57.0
256,56.773466040277206,83.84658253019175,0.08100028518097041,0.084, 57.0
257,56.77803355549017,84.00416707726069,0.08107756823170656,0.084, 57.0
258,56.782563335418736,84.15956468542964,0.08115372264324809,0.084, 57.0
259,56.78705473628593,84.31275862288437,0.08122875027561167,0.084, 57.0
260,56.79150648097035,84.46374128065814,0.08130264618100776,0.084, 57.0
261,56.79591730360908,84.6125059366643,0.08137540977717776,0.084, 57.0
262,56.80028596082179,84.75904669579286,0.081447040863585,0.084, 57.0
263,56.80461123388912,84.90335851269624,0.08151753959087676,0.084, 57.0
264,56.80889247147598,85.04543705414495,0.08158690647031168,0.084, 57.0
265,56.81312895272747,85.18527849226582,0.08165514230619504,0.084, 57.0
266,56.817319493769,85.32287988998236,0.08172224809556845,0.084, 57.0
267,56.821462943529255,85.45823925296523,0.0817882252122799,0.084, 57.0
268,56.82555818584166,85.59135554888948,0.08185307543050825,0.084, 57.0
269,56.829604141552,85.72222872477546,0.0819168009326105,0.084, 57.0
270,56.83359996063236,85.85085688406393,0.08197940431609879,0.084, 57.0
271,56.83754515690607,85.97723404759009,0.08204088724356054,0.084, 57.0
272,56.84143892960134,86.10137119938011,0.08210124937740633,0.084, 57.0
273,56.84528031910507,86.22327261970806,0.0821604984285721,0.084, 57.0
274,56.849068406030646,86.3429428694667,0.08221863884415206,0.084, 57.0
275,56.85280232072859,86.46038756175837,0.08227567514743461,0.084, 57.0
276,56.856481244080406,86.57561337671744,0.08233161230561355,0.084, 57.0
277,56.860104517863164,86.68862575281811,0.0823864557359682,0.084, 57.0
278,56.863671830434576,86.7994247925696,0.0824402102072826,0.084, 57.0
279,56.86718248818332,86.90802040051753,0.08249287789704912,0.084, 57.0
280,56.87063586136638,87.01442432830173,0.08254446558916337,0.084, 57.0
281,56.87403152172796,87.11865482952312,0.08259498088466911,0.084, 57.0
282,56.877368927858775,87.22072478415807,0.08264443440809922,0.084, 57.0
283,56.88064760619482,87.32064802912888,0.08269283417006573,0.084, 57.0
284,56.88386714381845,87.41843943830122,0.08274018857534533,0.084, 57.0
285,56.887027191075205,87.51411486906287,0.08278650646067158,0.084, 57.0
286,56.8901280094128,87.60768180797162,0.08283179706932917,0.084, 57.0
287,56.89316932982553,87.69915805765194,0.08287606562660281,0.084, 57.0
288,56.89615093494959,87.78856254485802,0.08291932218560348,0.084, 57.0
289,56.899072670400194,87.8759151461099,0.08296157727235465,0.084, 57.0
290,56.901934444557234,87.96123665624583,0.08300284180348898,0.084, 57.0
291,56.90473626231089,88.044549992689,0.08304312707171903,0.084, 57.0
292,56.907478245414794,88.12588094159607,0.08308244531443942,0.084, 57.0
293,56.91016047505161,88.20525255025096,0.08312081006475533,0.084, 57.0
294,56.91278309604096,88.2826885961184,0.08315823350660881,0.084, 57.0
295,56.91534631114245,88.3582136099899,0.08319472811383954,0.084, 57.0
296,56.91785080353808,88.43184501491697,0.08323030666183569,0.084, 57.0
297,56.92029687418254,88.50360832290953,0.08326497852740665,0.084, 57.0
298,56.92268484672549,88.57353022654623,0.08329875684856351,0.084, 57.0
299,56.92501509789934,88.64163803159221,0.08333165526833859,0.084, 57.0
300,56.92728805623425,88.70795960269746,0.08336368766841369,0.084, 57.0
301,56.929504182656494,88.77252266392149,0.08339486814457758,0.084, 57.0
302,56.93166399179514,88.83535560791162,0.08342521067909536,0.084, 57.0
303,56.933768057628875,88.89648779762211,0.08345472952241996,0.084, 57.0
304,56.93581699634711,88.95594897765852,0.08348343933579626,0.084, 57.0
305,56.93781146462324,89.01376921751229,0.0835113549156546,0.084, 57.0
306,56.93975219549038,89.06998020332496,0.0835384911681613,0.084, 57.0
307,56.94163994419193,89.12461345659972,0.08356486371640104,0.084, 57.0
308,56.94347546706466,89.17769954338212,0.08359048806531409,0.084, 57.0
309,56.945259681958134,89.22926654083051,0.08361537923253808,0.084, 57.0
310,56.94699357506102,89.27934157547196,0.08363955103180021,0.084, 57.0
311,56.94867795734736,89.32795562566058,0.08366301679665276,0.084, 57.0
312,56.95031366018929,89.37513978786193,0.0836857916318642,0.084, 57.0
313,56.95190153758905,89.42092515629876,0.08370789066371447,0.084, 57.0
314,56.95344246376207,89.4653427815545,0.08372932898485347,0.084, 57.0
315,56.95493733066514,89.50842363226262,0.08375012163617361,0.084, 57.0
316,56.95638704557683,89.55019855831944,0.08377028359012156,0.084, 57.0
317,56.957792528740534,89.59069825565707,0.0837898297347133,0.084, 57.0
318,56.959154711077254,89.62995323263773,0.08380877485826597,0.084, 57.0
319,56.96047453197468,89.66799377811944,0.08382713363487265,0.084, 57.0
320,56.96175293715812,89.70484993123277,0.08384492061064025,0.084, 57.0
321,56.9629908766479,89.74055145289705,0.08386215019070671,0.084, 57.0
322,56.96418930280764,89.77512779909456,0.08387883662704872,0.084, 57.0
323,56.96534916848604,89.80860809591148,0.08389499400708611,0.084, 57.0
324,56.96647142525514,89.84102111634486,0.08391063624308578,0.084, 57.0
325,56.967557021746416,89.8723952588666,0.0839257770623629,0.084, 57.0
326,56.96860690208601,89.90275852772729,0.08394042999827403,0.084, 57.0
327,56.9696220044294,89.93213851497522,0.08395460838199308,0.084, 57.0
328,56.970603259595244,89.96056238415956,0.08396832533505749,0.084, 57.0
329,56.97131645293034,89.98730243760218,0.08398159376266986,0.084, 57.0
330,56.971766258117476,90.01239628657474,0.0839940742618669,0.084, 57.0
331,56.971976051439555,90.03596236852053,0.08400578473454944,0.084, 57.0
332,56.97207176058275,90.05880113651249,0.08401678076248821,0.084, 57.0
333,56.97216371473432,90.08163016615627,0.08402743604979614,0.084, 57.0
334,56.97225210570034,90.10446360486053,0.08403808544360498,0.084, 57.0
335,56.972337101803866,90.12730740471541,0.08404873554445104,0.084, 57.0
336,56.97241887316128,90.15016737242688,0.0840593891277452,0.084, 57.0
337,56.97249762864621,90.17305355568256,0.0840700488997019,0.084, 57.0
338,56.97257353190214,90.19597144507533,0.08408071954238684,0.084, 57.0
339,56.97264678575804,90.21893004963336,0.08409140361115343,0.084, 57.0
340,56.972717600573176,90.24193746796308,0.08410210529999387,0.084, 57.0
341,56.972786137908344,90.26499893867147,0.08411282837646293,0.084, 57.0
342,56.97285265169777,90.2881241433498,0.08412357527347399,0.084, 57.0
343,56.97291734044118,90.31131918608891,0.08413435049276025,0.084, 57.0
344,56.97298036990569,90.3345892507321,0.084145156867103,0.084, 57.0
345,56.97304206122136,90.35794420258397,0.08415599679914318,0.084, 57.0
346,56.97310259454866,90.3813888839967,0.08416687487059613,0.084, 57.0
347,56.97316217884531,90.40492922542698,0.08417779332166733,0.084, 57.0
348,56.973221151397354,90.42857347189381,0.08418875489798787,0.084, 57.0
349,56.97327970717335,90.4523265342512,0.08419976342126191,0.084, 57.0
350,56.973338107664816,90.4761946796487,0.08421082115907251,0.084, 57.0
351,56.97339671381547,90.5001851195475,0.08422193100899825,0.084, 57.0
352,56.97345574555483,90.52430288727295,0.08423309630645501,0.084, 57.0
353,56.973515518814175,90.54855425860714,0.08424431937146978,0.084, 57.0
354,56.97357643812166,90.57294587724175,0.08425560310077188,0.084, 57.0
355,56.97363876131601,90.59748292843159,0.08426695056055936,0.084, 57.0
356,56.97370285079318,90.62217149074459,0.08427836413688294,0.084, 57.0
357,56.97376919106247,90.6470179501474,0.08428984662979508,0.084, 57.0
358,56.97383809460468,90.67202765264074,0.08430140098059792,0.084, 57.0
359,56.9739099493977,90.6972064430592,0.08431302964528695,0.084, 57.0
360,56.973985378326255,90.72256056328239,0.08432473531020326,0.084, 57.0
361,56.974064770581016,90.74809550999528,0.08433652084453887,0.084, 57.0
362,56.97414853887605,90.77381709827736,0.08434838876933945,0.084, 57.0
363,56.974237457105176,90.79973125386367,0.08436034175194494,0.084, 57.0
364,56.97433205975398,90.82584361666905,0.08437238250934315,0.084, 57.0
365,56.97443287854034,90.8521601019152,0.08438451362392779,0.084, 57.0
366,56.97454065137994,90.87868654649938,0.08439673780419568,0.084, 57.0
367,56.974656261911186,90.90542835145199,0.08440905772039843,0.084, 57.0
368,56.97478040746517,90.93239146548905,0.08442147583852012,0.084, 57.0
369,56.97491384616315,90.95958209139481,0.08443399487703009,0.084, 57.0
370,56.97505770868397,90.98700541923957,0.08444661767036828,0.084, 57.0
371,56.97521308332898,91.01466681479224,0.08445934658087512,0.084, 57.0
372,56.975380990917905,91.04257234245704,0.08447218405060752,0.084, 57.0
373,56.975562555252075,91.07072824369708,0.08448513284388344,0.084, 57.0
374,56.9757592969962,91.09913937475052,0.08449819580503391,0.084, 57.0
375,56.97597285672803,91.12781032605088,0.08451137513364956,0.084, 57.0
376,56.9762047932217,91.15674684145607,0.08452467290420229,0.084, 57.0
377,56.97645684531543,91.18595466204981,0.08453809172420534,0.084, 57.0
378,56.97673096223572,91.21543947778216,0.08455163419771795,0.084, 57.0
379,56.97702984875623,91.24520336273365,0.08456530290289346,0.084, 57.0
380,56.97735610549557,91.27525018232969,0.08457909873980876,0.084, 57.0
381,56.977712579877085,91.30558385105563,0.0845930234374836,0.084, 57.0
382,56.97810252285685,91.33620762654355,0.08460707874594632,0.084, 57.0
383,56.97852966975019,91.36712384900918,0.08462126610918214,0.084, 57.0
384,56.978998431124744,91.39833289822438,0.08463558654468178,0.084, 57.0
385,56.97951448610164,91.42982897720643,0.08465004016077483,0.084, 57.0
386,56.98008379392947,91.46160758597007,0.08466462420523098,0.084, 57.0
387,56.980713406575134,91.49366036174982,0.08467933652751451,0.084, 57.0
388,56.98141177447174,91.52597349347974,0.08469417319013857,0.084, 57.0
389,56.98218914870159,91.55852522175364,0.08470912773655984,0.084, 57.0
390,56.98305814241808,91.59128191641959,0.08472419003676274,0.084, 57.0
391,56.984034533866456,91.62419169201121,0.08473934447614813,0.084, 57.0
392,56.985138447648886,91.65717355570717,0.08475456700764673,0.084, 57.0
393,56.986397355615985,91.69008862573737,0.08476982014117668,0.084, 57.0
394,56.9878469504242,91.72271571011589,0.08478503964885438,0.084, 57.0
395,56.98953646662132,91.75466708795712,0.08480012329986959,0.084, 57.0
396,56.991536637632485,91.78520473443571,0.08481489196889799,0.084, 57.0
397,56.993952220503324,91.8127513176664,0.08482900477537009,0.084, 57.0
398,56.996933136975485,91.83328529380249,0.08484173326438496,0.084, 57.0
399,56.999485552784584,91.83490420619488,0.0848512201858884,0.084, 57.0
400,56.999920931766006,91.82957986090904,0.08485196809600634,0.084, 57.0
401,56.99998804490856,91.8230478576131,0.08484950831380975,0.084, 57.0
402,56.99999819764043,91.81632928324026,0.08484649051102154,0.084, 57.0
403,56.99999972849001,91.80958268096562,0.08484338639991945,0.084, 57.0
404,56.999999959118654,91.80283206306679,0.08484026922510152,0.084, 57.0
405,56.9999999938471,91.79608105103341,0.08483715008028285,0.084, 57.0
406,56.99978375892234,91.79500197467794,0.08483403063865952,0.084, 57.0
407,56.99955506977949,91.79906297575282,0.08483353201897674,0.084, 57.0
408,56.99946708585038,91.8042869371299,0.0848354085114171,0.084, 57.0
409,56.99957417569983,91.8073443858156,0.08483782231924028,0.084, 57.0
410,56.99979024214606,91.80634747356369,0.08483923502630103,0.084, 57.0
411,56.99993251361155,91.80197495139194,0.08483877440137495,0.084, 57.0
412,56.99989624697057,91.7980916842208,0.08483675404085855,0.084, 57.0
413,56.999744121733535,91.79796844050878,0.08483495970437488,0.084, 57.0
414,56.99960087521644,91.80091899987428,0.08483490275668316,0.084, 57.0
415,56.99956615608633,91.80431421210666,0.08483626612239688,0.084, 57.0
416,56.999658262530396,91.80587182302403,0.08483783492186232,0.084, 57.0
417,56.99979925304557,91.80460274130657,0.08483855462538882,0.084, 57.0
418,56.99987180935362,91.80157025949454,0.0848379682389815,0.084, 57.0
419,56.99982887773347,91.79942164520058,0.08483656704714289,0.084, 57.0
420,56.99972169189887,91.79978786444559,0.08483557424208152,0.084, 57.0
421,56.999636019185665,91.80194154089484,0.08483574346095245,0.084, 57.0
422,56.999631549821274,91.80408023189327,0.08483673860307311,0.084, 57.0
423,56.999705437383525,91.8047267845957,0.08483772680936491,0.084, 57.0
424,56.999794533008796,91.80350882868463,0.0848380255540657,0.084, 57.0
425,56.99982713455042,91.80148791682683,0.08483746278719606,0.084, 57.0
426,56.99978604621928,91.80037328063085,0.08483652899947772,0.084, 57.0
427,56.9997126204084,91.80091907388757,0.08483601396341921,0.084, 57.0
428,56.99966447296379,91.80245531660972,0.08483626615659594,0.084, 57.0
429,56.9996744805643,91.80374353653426,0.084836975999986,0.084, 57.0
430,56.9997300921943,91.80388736270886,0.08483757123624112,0.084, 57.0
431,56.99978422754467,91.80286894350775,0.08483763769245567,0.084, 57.0
432,56.99979507691411,91.80157495915289,0.08483716712132135,0.084, 57.0
433,56.99976016134569,91.80105775632795,0.08483656921869005,0.084, 57.0
434,56.99971159145266,91.80161229684965,0.08483633023708717,0.084, 57.0
435,56.99968681800171,91.80267323283952,0.08483658647112703,0.084, 57.0
436,56.99970186405304,91.80340513683319,0.08483707669088214,0.084, 57.0
437,56.99974157317908,91.80330583744295,0.08483741487532327,0.084, 57.0
438,56.99977295189345,91.802523576216,0.08483736899300642,0.084, 57.0
439,56.999772892557594,91.80172847151947,0.08483700754019637,0.084, 57.0
440,56.999745456592095,91.80154028920391,0.08483664015133512,0.084, 57.0
441,56.99971455174222,91.80202371547215,0.08483655319892237,0.084, 57.0
442,56.999703563523624,91.80273055312715,0.08483677657297581,0.084, 57.0
443,56.99971866938091,91.80311416169889,0.08483710317641198,0.084, 57.0
444,56.99974577874096,91.80292298575664,0.0848372804271636,0.084, 57.0
445,56.99976288136627,91.80235722800604,0.08483719209216746,0.084, 57.0
446,56.999758118687716,91.80189083391127,0.08483693067689138,0.084, 57.0
447,56.999737776881304,91.80187086424,0.08483671517319989,0.084, 57.0
448,56.99971894928544,91.80225643229777,0.08483670594593132,0.084, 57.0
449,56.999715551487334,91.80270957469207,0.08483688410291922,0.084, 57.0
450,56.99972851232429,91.80288613037695,0.08483709348307412,0.084, 57.0
451,56.99974627514175,91.80268281372129,0.08483717506271382,0.084, 57.0
452,56.99975478238949,91.80229274999652,0.08483708111784463,0.084, 57.0
453,56.99974866265577,91.8020346935553,0.08483690088398874,0.084, 57.0
454,56.99973427910303,91.80209015271751,0.08483678164555003,0.084, 57.0
455,56.99972338730476,91.80237909802698,0.08483680727121368,0.084, 57.0
456,56.99972377842036,91.80265755427997,0.08483694078221653,0.084, 57.0
457,56.999733943917796,91.80271865510468,0.08483706944641328,0.084, 57.0
458,56.9997451166335,91.80253955951352,0.08483709767878794,0.084, 57.0
459,56.999748699844545,91.80228172238148,0.0848370149254785,0.084, 57.0
460,56.9997428646108,91.80215040341062,0.08483689578853477,0.084, 57.0
461,56.99973311218257,91.80223059431182,0.08483683511086086,0.084, 57.0
462,56.999727223359734,91.80243671447322,0.08483687216413656,0.084, 57.0
463,56.999729202380365,91.80259956107432,0.08483696740463263,0.084, 57.0
464,56.99973669551104,91.80260176766441,0.08483704264994288,0.084, 57.0
465,56.99974341764462,91.80245904418813,0.08483704366952499,0.084, 57.0
466,56.99974436227839,91.80229543391646,0.08483697772236085,0.084, 57.0
467,56.99973948291573,91.80223759551592,0.08483690212412905,0.084, 57.0
468,56.99973313012291,91.80231707254626,0.08483687539913554,0.084, 57.0
469,56.999730254320035,91.80245795192477,0.08483691212254031,0.084, 57.0
470,56.999732637104664,91.80254734260751,0.08483697721766671,0.084, 57.0
471,56.99973789730163,91.8025237143059,0.08483701852175399,0.084, 57.0
472,56.999741732200384,91.80241729913492,0.08483700760400253,0.084, 57.0
473,56.99974140160673,91.8023178994439,0.08483695843352812,0.084, 57.0
474,56.99973763333152,91.80230007556379,0.08483691250461914,0.084, 57.0
475,56.99973366201095,91.8023679081823,0.08483690426886287,0.084, 57.0
476,56.999732503931355,91.80246040582003,0.08483693561180468,0.084, 57.0
477,56.99973471933266,91.8025051504502,0.0848369783515201,0.084, 57.0
478,56.99973825847563,91.8024737370902,0.08483699902634048,0.084, 57.0
479,56.99974029564292,91.8023983338959,0.08483698451140205,0.084, 57.0
480,56.999739461134915,91.80234094482098,0.08483694967039679,0.084, 57.0
481,56.999736712909154,91.80234296712865,0.08483692315303501,0.084, 57.0
482,56.99973434155484,91.80239606906508,0.08483692408746846,0.084, 57.0
483,56.99973409335283,91.80245438077506,0.08483694862390269,0.084, 57.0
484,56.999735918281175,91.8024733725515,0.08483697556757175,0.084, 57.0
485,56.999738205240014,91.80244310596397,0.08483698434296234,0.084, 57.0
486,56.99973917317691,91.80239194698707,0.08483697035790219,0.084, 57.0
487,56.99973824030168,91.80236094728146,0.08483694671924366,0.084, 57.0
488,56.99973632705121,91.8023712619228,0.08483693239543062,0.084, 57.0
489,56.99973498813126,91.80241039257662,0.0848369371614437,0.084, 57.0
490,56.99973516936011,91.8024455523149,0.08483695524226462,0.084, 57.0
491,56.99973656345941,91.8024506715951,0.08483697148826971,0.084, 57.0
492,56.999737980817656,91.80242524864971,0.08483697385369811,0.084, 57.0
493,56.99973834765825,91.80239191783276,0.08483696210670287,0.084, 57.0
494,56.99973750590347,91.80237677227251,0.08483694670577253,0.084, 57.0
495,56.99973622808729,91.80238919648312,0.08483693970757177,0.084, 57.0
496,56.999735527940054,91.8024166785006,0.084836945448338,0.084, 57.0
497,56.999735869001505,91.80243677843632,0.08483695814675611,0.084, 57.0
498,56.999736876716334,91.80243515995701,0.0848369674341876,0.084, 57.0
499,56.99973771470379,91.80241548194135,0.08483696668634864,0.084, 57.0
500,56.999737768997704,91.80239464337073,0.08483695759387062,0.084, 57.0
501,56.99973708729481,91.80238852505373,0.08483694796514234,0.084, 57.0
502,56.99973626756873,91.80240008205756,0.08483694513809543,0.084, 57.0
503,56.9997359442233,91.80241858639899,0.0848369504781573,0.084, 57.0
504,56.999736305519924,91.8024292875614,0.08483695902832492,0.084, 57.0
505,56.99973700154832,91.80242498606347,0.08483696397293347,0.084, 57.0
506,56.999737468780665,91.80241061683807,0.08483696198537155,0.084, 57.0
507,56.999737380107014,91.80239817001747,0.08483695534588748,0.084, 57.0
508,56.9997368653562,91.80239683313401,0.08483694959467467,0.084, 57.0
509,56.99973636134253,91.80240635896325,0.08483694897695053,0.084, 57.0
510,56.99973624739718,91.80241832680517,0.08483695337848195,0.084, 57.0
511,56.999736565630364,91.8024234267279,0.08483695890837628,0.084, 57.0
512,56.99973702700858,91.80241858154457,0.08483696126486066,0.084, 57.0
513,56.99973726687796,91.80240857003993,0.08483695902608188,0.084, 57.0
514,56.999737129075065,91.80240153780531,0.08483695440013822,0.084, 57.0
515,56.99973676034156,91.80240246079218,0.0848369511508042,0.084, 57.0
516,56.999736465181925,91.80240974263027,0.08483695157728209,0.084, 57.0
517,56.99973645817274,91.80241716678256,0.08483695494194858,0.084, 57.0
518,56.99973671213768,91.8024191119589,0.08483695837237303,0.084, 57.0
519,56.99973700584833,91.80241472654792,0.08483695927116658,0.084, 57.0
520,56.99973711297598,91.80240803597097,0.08483695724483144,0.084, 57.0
521,56.99973697367745,91.80240435417603,0.08483695415336481,0.084, 57.0
522,56.9997367209773,91.80240612242184,0.08483695245214436,0.084, 57.0
523,56.999736558495485,91.8024113896428,0.08483695326918496,0.084, 57.0
524,56.99973659875515,91.80241578359787,0.08483695570297178,0.084, 57.0
525,56.99973678849793,91.8024160849837,0.08483695773325488,0.084, 57.0
526,56.99973696756196,91.80241252743095,0.08483695787251405,0.084, 57.0
527,56.999737001908656,91.80240823289179,0.08483695622870134,0.084, 57.0
528,56.99973688193481,91.80240652830318,0.0848369542443546,0.084, 57.0
529,56.99973671566323,91.80240840870357,0.08483695345672763,0.084, 57.0
530,56.999736633878655,91.80241204924617,0.08483695432559069,0.084, 57.0
531,56.999736688814565,91.80241450224011,0.08483695600774994,0.084, 57.0
532,56.99973682356624,91.80241404927357,0.08483695714118716,0.084, 57.0
533,56.99973692735965,91.80241136003576,0.08483695693188817,0.084, 57.0
534,56.999736925297704,91.80240871780691,0.08483695568929148,0.084, 57.0
535,56.99973683088524,91.80240811292806,0.08483695446841584,0.084, 57.0
536,56.99973672584376,91.8024097722562,0.08483695418892383,0.084, 57.0
537,56.99973669069705,91.8024121871202,0.08483695495563763,0.084, 57.0
538,56.99973674410462,91.80241344869091,0.08483695607145642,0.084, 57.0
539,56.99973683574474,91.80241273433955,0.08483695665438129,0.084, 57.0
540,56.999736892094106,91.80241080637043,0.0848369563243061,0.084, 57.0
541,56.9997368745777,91.80240925778395,0.08483695543346333,0.084, 57.0
542,56.99973680476005,91.80240921535722,0.08483695471791915,0.084, 57.0
543,56.99973674126853,91.80241054114398,0.08483695469831533,0.084, 57.0
544,56.99973673133752,91.80241207952423,0.08483695531091207,0.084, 57.0
545,56.99973677642569,91.80241264477509,0.08483695602174031,0.084, 57.0
546,56.99973683627559,91.80241191978281,0.0848369562829217,0.084, 57.0
547,56.99973686402118,91.80241059759727,0.08483695594792975,0.084, 57.0
548,56.999736842330805,91.80240974416084,0.08483695533699702,0.084, 57.0
549,56.999736793163606,91.80240995113179,0.0848369549426558,0.084, 57.0
550,56.99973675675067,91.8024109425378,0.08483695503828938,0.084, 57.0
551,56.99973675915215,91.80241188116587,0.08483695549638119,0.084, 57.0
552,56.99973679417613,91.80241206413211,0.0848369559300863,0.084, 57.0
553,56.9997368316918,91.80241143849568,0.08483695601462819,0.084, 57.0
554,56.99973684308518,91.80241056796069,0.08483695572554488,0.084, 57.0
555,56.999736822699234,91.80241013761432,0.08483695532330306,0.084, 57.0
556,56.99973678951529,91.80241042279847,0.084836955124456,0.084, 57.0
557,56.99973677003783,91.80241112740049,0.08483695525622899,0.084, 57.0
558,56.99973677743006,91.8024116719863,0.08483695558179938,0.084, 57.0
559,56.9997368030782,91.80241166333876,0.08483695583343222,0.084, 57.0
560,56.99973682555283,91.80241117039465,0.0848369558294365,0.084, 57.0
561,56.999736828238646,91.8024106200683,0.08483695560166536,0.084, 57.0
562,56.99973681133999,91.80241043445525,0.08483695534738005,0.084, 57.0
563,56.99973678982855,91.80241071258388,0.08483695526161517,0.084, 57.0
564,56.99973678047024,91.802411192085,0.08483695539012806,0.084, 57.0
565,56.999736788961556,91.80241148812006,0.08483695561168768,0.084, 57.0
566,56.99973680687607,91.8024113978197,0.08483695574847445,0.084, 57.0
567,56.999736819621376,91.80241103296143,0.08483695570675003,0.084, 57.0
568,56.999736818155185,91.80241070006716,0.0848369555381626,0.084, 57.0
569,56.99973680518817,91.80241064693979,0.08483695538434453,0.084, 57.0
570,56.99973679181075,91.80241088213694,0.08483695535979636,0.084, 57.0
571,56.99973678817187,91.80241119550536,0.08483695546847221,0.084, 57.0
572,56.99973679592108,91.80241134156886,0.0848369556132681,0.084, 57.0
573,56.9997368079213,91.80241122889339,0.08483695568075861,0.084, 57.0
574,56.9997368146302,91.80241097176166,0.08483695562869546,0.084, 57.0
575,56.99973681157809,91.8024107806612,0.08483695550988446,0.084, 57.0
576,56.99973680217119,91.80241079246483,0.08483695542158405,0.084, 57.0
577,56.99973679423068,91.8024109753659,0.08483695542703806,0.084, 57.0
578,56.999736793587836,91.80241117193233,0.08483695551154985,0.084, 57.0
579,56.99973679990489,91.80241123217411,0.08483695560237588,0.084, 57.0
580,56.999736807625894,91.80241112597537,0.08483695563021135,0.084, 57.0
581,56.999736810761455,91.80241095231574,0.08483695558114088,0.084, 57.0
582,56.9997368074609,91.80241084995666,0.08483695550089923,0.084, 57.0
583,56.999736800942955,91.80241088815713,0.0848369554536029,0.084, 57.0
584,56.99973679649303,91.80241102220944,0.08483695547125392,0.084, 57.0
585,56.99973679723845,91.802411140062,0.0848369555331945,0.084, 57.0
586,56.99973680203014,91.80241115453914,0.08483695558764978,0.084, 57.0
587,56.99973680679287,91.80241106636988,0.08483695559433914,0.084, 57.0
588,56.99973680793304,91.80241095372102,0.0848369555535994,0.084, 57.0
589,56.999736804998236,91.8024109044284,0.08483695550154854,0.084, 57.0
590,56.99973680066464,91.80241094857071,0.08483695547877226,0.084, 57.0
591,56.99973679836281,91.80241104226972,0.08483695549916878,0.084, 57.0
592,56.999736799601926,91.80241110917206,0.08483695554246362,0.084, 57.0
593,56.99973680304669,91.80241110177546,0.08483695557337669,0.084, 57.0
594,56.99973680584672,91.80241103404806,0.084836955569959,0.084, 57.0
595,56.99973680596017,91.80241096394492,0.08483695553866469,0.084, 57.0
596,56.999736803604435,91.80241094467698,0.08483695550627263,0.084, 57.0
597,56.999736800837184,91.8024109850604,0.08483695549736964,0.084, 57.0
598,56.99973679979469,91.80241104786722,0.08483695551602931,0.084, 57.0
599,56.999736801069666,91.8024110831353,0.08483695554505001,0.084, 57.0
600,56.99973680343781,91.80241106733668,0.08483695556134607,0.084, 57.0
601,56.99973680498733,91.80241101816384,0.08483695555404612,0.084, 57.0
602,56.99973680464035,91.80241097651798,0.08483695553132517,0.084, 57.0
603,56.99973680287289,91.80241097300143,0.08483695551208217,0.084, 57.0
604,56.99973680118002,91.80241100596821,0.08483695551045732,0.084, 57.0
605,56.99973680083179,91.80241104640537,0.08483695552569002,0.084, 57.0
606,56.9997368019395,91.80241106293153,0.08483695554437454,0.084, 57.0
607,56.99973680350232,91.8024110457635,0.08483695555201066,0.084, 57.0
608,56.99973680428866,91.8024110116681,0.08483695554407795,0.084, 57.0
609,56.99973680379226,91.80241098830436,0.08483695552832374,0.084, 57.0
610,56.999736802532716,91.80241099210613,0.08483695551752822,0.084, 57.0
611,56.999736801547364,91.80241101713752,0.08483695551928488,0.084, 57.0
612,56.999736801549396,91.8024110420994,0.08483695553085097,0.084, 57.0
613,56.99973680242589,91.8024110481481,0.08483695554238492,0.084, 57.0
614,56.99973680341626,91.80241103284935,0.0848369555451798,0.084, 57.0
615,56.999736803759724,91.80241101016533,0.0848369555381108,0.084, 57.0
616,56.99973680326985,91.80241099806047,0.08483695552762938,0.084, 57.0
617,56.99973680241064,91.80241100448296,0.08483695552203617,0.084, 57.0
618,56.99973680187264,91.80241102249225,0.08483695552500375,0.084, 57.0
619,56.99973680202594,91.80241103718032,0.08483695553332517,0.084, 57.0
620,56.99973680267673,91.80241103782917,0.08483695554011199,0.084, 57.0
621,56.99973680327744,91.80241102553272,0.08483695554041179,0.084, 57.0
622,56.99973680338004,91.80241101103788,0.08483695553473007,0.084, 57.0
623,56.999736802963234,91.80241100553933,0.08483695552803254,0.084, 57.0
624,56.99973680240041,91.80241101217473,0.08483695552549186,0.084, 57.0
625,56.999736802133086,91.80241102456398,0.08483695552855784,0.084, 57.0
626,56.9997368023298,91.80241103270143,0.08483695553428244,0.084, 57.0
627,56.999736802789656,91.80241103092129,0.08483695553804246,0.084, 57.0
628,56.99973680313566,91.80241102168681,0.08483695553721993,0.084, 57.0
629,56.99973680311939,91.80241101281298,0.08483695553295302,0.084, 57.0
630,56.99973680279395,91.80241101096065,0.08483695552885274,0.084, 57.0
631,56.999736802440026,91.80241101673666,0.08483695552799685,0.084, 57.0
632,56.99973680232812,91.8024110249183,0.08483695553066574,0.084, 57.0
633,56.999736802515436,91.80241102905526,0.08483695553444616,0.084, 57.0
634,56.99973680282676,91.80241102647958,0.0848369555363577,0.084, 57.0
635,56.99973680301297,91.80241101989371,0.08483695553516758,0.084, 57.0
636,56.99973680294758,91.80241101472383,0.08483695553212449,0.084, 57.0
637,56.99973680270833,91.80241101471451,0.08483695552973568,0.084, 57.0
638,56.99973680249553,91.80241101929063,0.08483695552973138,0.084, 57.0
639,56.9997368024669,91.80241102447893,0.08483695553184584,0.084, 57.0
640,56.99973680262329,91.80241102629212,0.08483695553424314,0.084, 57.0
641,56.999736802825716,91.80241102374163,0.08483695553508096,0.084, 57.0
642,56.99973680291609,91.80241101924587,0.08483695553390247,0.084, 57.0
643,56.99973680283883,91.8024110164196,0.08483695553182515,0.084, 57.0
644,56.99973680267119,91.8024110172089,0.08483695553051922,0.084, 57.0
645,56.99973680254995,91.80241102060977,0.08483695553088393,0.084, 57.0
646,56.99973680256147,91.80241102375923,0.08483695553245535,0.084, 57.0
647,56.999736802682044,91.80241102430708,0.0848369555339106,0.084, 57.0
648,56.999736802808314,91.8024110221331,0.08483695553416373,0.084, 57.0
649,56.999736802844296,91.80241101918622,0.08483695553315923,0.084, 57.0
650,56.99973680277298,91.80241101777911,0.08483695553179758,0.084, 57.0
651,56.999736802660344,91.80241101880074,0.08483695553114741,0.084, 57.0
652,56.99973680259611,91.80241102120553,0.08483695553161946,0.084, 57.0
653,56.999736802623346,91.80241102302132,0.08483695553273063,0.084, 57.0
654,56.99973680271113,91.80241102294319,0.08483695553356964,0.084, 57.0
655,56.99973680278637,91.80241102124388,0.08483695553353354,0.084, 57.0
656,56.99973680279364,91.80241101938961,0.08483695553274835,0.084, 57.0
657,56.999736802735114,91.80241101879822,0.08483695553189156,0.084, 57.0
658,56.99973680266241,91.80241101977388,0.0848369555316183,0.084, 57.0
659,56.99973680263206,91.80241102140305,0.08483695553206913,0.084, 57.0
660,56.99973680266217,91.80241102238152,0.08483695553282189,0.084, 57.0
661,56.99973680272321,91.80241102204381,0.08483695553327401,0.084, 57.0
662,56.999736802765575,91.80241102079341,0.08483695553311797,0.084, 57.0
663,56.9997368027594,91.80241101967763,0.0848369555325402,0.084, 57.0
664,56.99973680271479,91.8024110195239,0.08483695553202465,0.084, 57.0
665,56.999736802669794,91.8024110203398,0.08483695553195363,0.084, 57.0
666,56.99973680265844,91.80241102139976,0.0848369555323306,0.084, 57.0
667,56.999736802685504,91.80241102187577,0.08483695553282039,0.084, 57.0
668,56.9997368027262,91.80241102147414,0.08483695553304033,0.084, 57.0
669,56.99973680274827,91.80241102059726,0.08483695553285475,0.084, 57.0
670,56.99973680273715,91.802411019961,0.08483695553244956,0.084, 57.0
671,56.999736802704966,91.80241102001871,0.08483695553215558,0.084, 57.0
672,56.99973680267841,91.80241102064853,0.08483695553218225,0.084, 57.0
673,56.9997368026769,91.80241102131025,0.08483695553247327,0.084, 57.0
674,56.999736802698756,91.80241102150055,0.08483695553277902,0.084, 57.0
675,56.999736802724826,91.80241102112886,0.08483695553286695,0.084, 57.0
676,56.99973680273495,91.8024110205393,0.0848369555326952,0.084, 57.0
677,56.99973680272329,91.8024110202017,0.08483695553242279,0.084, 57.0
678,56.99973680270109,91.80241102034259,0.0848369555322668,0.084, 57.0
679,56.999736802686314,91.80241102080159,0.0848369555323319,0.084, 57.0
680,56.999736802689306,91.80241102119619,0.08483695553254399,0.084, 57.0
681,56.99973680270576,91.80241102123561,0.08483695553272633,0.084, 57.0
682,56.99973680272177,91.80241102093015,0.08483695553274452,0.084, 57.0
683,56.99973680272528,91.80241102054943,0.08483695553260338,0.084, 57.0
684,56.999736802715034,91.80241102038943,0.08483695553242747,0.084, 57.0
685,56.99973680270036,91.80241102054615,0.08483695553235354,0.084, 57.0
686,56.99973680269281,91.80241102086545,0.08483695553242594,0.084, 57.0
687,56.99973680269729,91.80241102108786,0.08483695553257349,0.084, 57.0
688,56.999736802709066,91.80241102105634,0.08483695553267626,0.084, 57.0
689,56.99973680271842,91.80241102082334,0.0848369555326617,0.084, 57.0
690,56.99973680271855,91.80241102058756,0.08483695553255405,0.084, 57.0
691,56.99973680271041,91.80241102052734,0.0848369555324451,0.084, 57.0
692,56.999736802701065,91.80241102066839,0.08483695553241727,0.084, 57.0
693,56.99973680269773,91.80241102088152,0.08483695553248244,0.084, 57.0
694,56.99973680270223,91.80241102099758,0.08483695553258092,0.084, 57.0
695,56.999736802710274,91.80241102093987,0.08483695553263455,0.084, 57.0
696,56.99973680271542,91.8024110207716,0.08483695553260788,0.084, 57.0
697,56.99973680271408,91.8024110206323,0.08483695553253012,0.084, 57.0
698,56.99973680270799,91.80241102062394,0.08483695553246577,0.084, 57.0
699,56.99973680270233,91.80241102073805,0.0848369555324619,0.084, 57.0
700,56.99973680270128,91.80241102087462,0.08483695553251462,0.084, 57.0
701,56.99973680270512,91.80241102092798,0.08483695553257772,0.084, 57.0
702,56.999736802710416,91.80241102086725,0.08483695553260237,0.084, 57.0
703,56.999736802713,91.80241102075118,0.08483695553257432,0.084, 57.0
704,56.99973680271121,91.80241102067362,0.08483695553252069,0.084, 57.0
705,56.99973680270693,91.80241102068882,0.08483695553248485,0.084, 57.0
706,56.999736802703616,91.80241102077478,0.08483695553249189,0.084, 57.0
707,56.99973680270373,91.80241102085866,0.08483695553253161,0.084, 57.0
708,56.99973680270673,91.80241102087729,0.08483695553257035,0.084, 57.0
709,56.99973680271009,91.80241102082405,0.08483695553257896,0.084, 57.0
710,56.9997368027112,91.8024110207472,0.08483695553255437,0.084, 57.0
711,56.99973680270945,91.80241102070738,0.08483695553251885,0.084, 57.0
712,56.99973680270654,91.8024110207306,0.08483695553250045,0.084, 57.0
713,56.99973680270475,91.80241102079215,0.08483695553251118,0.084, 57.0
714,56.99973680270534,91.80241102084125,0.08483695553253962,0.084, 57.0
715,56.999736802707574,91.80241102084221,0.08483695553256232,0.084, 57.0
716,56.99973680270958,91.8024110207997,0.08483695553256275,0.084, 57.0
717,56.99973680270987,91.80241102075078,0.0848369555325431,0.084, 57.0
718,56.99973680270842,91.80241102073316,0.0848369555325205,0.084, 57.0
719,56.99973680270652,91.8024110207566,0.08483695553251236,0.084, 57.0
720,56.999736802705655,91.80241102079874,0.0848369555325232,0.084, 57.0
721,56.99973680270637,91.80241102082564,0.08483695553254268,0.084, 57.0
722,56.999736802707936,91.80241102081864,0.0848369555325551,0.084, 57.0
723,56.99973680270908,91.8024110207869,0.08483695553255186,0.084, 57.0
724,56.99973680270899,91.8024110207572,0.0848369555325372,0.084, 57.0
725,56.99973680270788,91.80241102075175,0.08483695553252348,0.084, 57.0
726,56.99973680270668,91.80241102077188,0.08483695553252095,0.084, 57.0
727,56.99973680270632,91.80241102079957,0.08483695553253026,0.084, 57.0
728,56.99973680270699,91.80241102081303,0.08483695553254304,0.084, 57.0
729,56.99973680270804,91.80241102080369,0.08483695553254927,0.084, 57.0
730,56.999736802708654,91.80241102078116,0.08483695553254494,0.084, 57.0
731,56.99973680270842,91.80241102076398,0.08483695553253455,0.084, 57.0
732,56.99973680270759,91.80241102076447,0.0848369555325266,0.084, 57.0
733,56.99973680270688,91.8024110207803,0.08483695553252683,0.084, 57.0
734,56.9997368027068,91.80241102079778,0.08483695553253415,0.084, 57.0
735,56.999736802707346,91.80241102080352,0.08483695553254222,0.084, 57.0
736,56.99973680270802,91.8024110207945,0.08483695553254487,0.084, 57.0
737,56.999736802708306,91.80241102077923,0.0848369555325407,0.084, 57.0
738,56.99973680270803,91.80241102076998,0.08483695553253365,0.084, 57.0
739,56.99973680270748,91.80241102077305,0.08483695553252937,0.084, 57.0
740,56.99973680270707,91.80241102078467,0.0848369555325308,0.084, 57.0
741,56.99973680270713,91.80241102079513,0.08483695553253617,0.084, 57.0
742,56.99973680270755,91.80241102079663,0.084836955532541,0.084, 57.0
743,56.99973680270797,91.80241102078902,0.0848369555325417,0.084, 57.0
744,56.999736802708085,91.80241102077909,0.08483695553253817,0.084, 57.0
745,56.999736802707815,91.8024110207746,0.08483695553253359,0.084, 57.0
746,56.99973680270743,91.80241102077835,0.08483695553253152,0.084, 57.0
747,56.999736802707226,91.80241102078658,0.08483695553253325,0.084, 57.0
748,56.99973680270733,91.80241102079258,0.08483695553253705,0.084, 57.0
749,56.999736802707645,91.80241102079206,0.08483695553253982,0.084, 57.0
750,56.999736802707886,91.80241102078612,0.08483695553253957,0.084, 57.0
751,56.99973680270789,91.80241102077991,0.08483695553253684,0.084, 57.0
752,56.999736802707694,91.80241102077817,0.08483695553253397,0.084, 57.0
753,56.999736802707446,91.80241102078165,0.08483695553253315,0.084, 57.0
754,56.99973680270734,91.80241102078719,0.08483695553253477,0.084, 57.0
755,56.99973680270747,91.80241102079039,0.08483695553253734,0.084, 57.0
756,56.999736802707666,91.80241102078901,0.08483695553253881,0.084, 57.0
757,56.999736802707815,91.80241102078466,0.08483695553253817,0.084, 57.0
758,56.999736802707794,91.80241102078092,0.08483695553253617,0.084, 57.0
759,56.99973680270762,91.80241102078053,0.08483695553253444,0.084, 57.0
760,56.999736802707496,91.80241102078345,0.08483695553253424,0.084, 57.0
761,56.99973680270744,91.80241102078706,0.0848369555325356,0.084, 57.0
762,56.99973680270754,91.80241102078861,0.08483695553253727,0.084, 57.0
763,56.99973680270769,91.80241102078716,0.08483695553253799,0.084, 57.0
764,56.99973680270776,91.8024110207841,0.08483695553253733,0.084, 57.0
765,56.99973680270771,91.80241102078192,0.0848369555325359,0.084, 57.0
766,56.999736802707616,91.80241102078223,0.0848369555325349,0.084, 57.0
767,56.99973680270752,91.80241102078443,0.08483695553253505,0.084, 57.0
768,56.99973680270751,91.80241102078665,0.08483695553253605,0.084, 57.0
769,56.99973680270758,91.80241102078728,0.08483695553253708,0.084, 57.0
770,56.999736802707666,91.802411020786,0.08483695553253738,0.084, 57.0
771,56.9997368027077,91.80241102078399,0.08483695553253678,0.084, 57.0
772,56.999736802707666,91.80241102078286,0.08483695553253585,0.084, 57.0
773,56.999736802707574,91.80241102078334,0.08483695553253533,0.084, 57.0
774,56.99973680270753,91.80241102078494,0.08483695553253556,0.084, 57.0
775,56.99973680270754,91.80241102078631,0.0848369555325363,0.084, 57.0
776,56.99973680270762,91.80241102078645,0.08483695553253692,0.084, 57.0
777,56.99973680270766,91.80241102078531,0.08483695553253699,0.084, 57.0
778,56.99973680270766,91.80241102078398,0.08483695553253646,0.084, 57.0
779,56.99973680270765,91.80241102078351,0.08483695553253584,0.084, 57.0
780,56.9997368027076,91.80241102078408,0.08483695553253563,0.084, 57.0
781,56.99973680270756,91.80241102078513,0.0848369555325359,0.084, 57.0
782,56.99973680270758,91.80241102078585,0.08483695553253638,0.084, 57.0
783,56.9997368027076,91.80241102078571,0.0848369555325367,0.084, 57.0
784,56.99973680270765,91.80241102078502,0.08483695553253665,0.084, 57.0
785,56.99973680270766,91.80241102078426,0.08483695553253633,0.084, 57.0
786,56.99973680270762,91.80241102078402,0.08483695553253598,0.084, 57.0
787,56.999736802707595,91.80241102078443,0.08483695553253587,0.084, 57.0
788,56.999736802707595,91.80241102078512,0.08483695553253605,0.084, 57.0
789,56.9997368027076,91.8024110207855,0.08483695553253637,0.084, 57.0
790,56.99973680270762,91.80241102078534,0.08483695553253655,0.084, 57.0
791,56.99973680270764,91.80241102078482,0.08483695553253648,0.084, 57.0
792,56.99973680270762,91.80241102078436,0.08483695553253624,0.084, 57.0
793,56.999736802707616,91.80241102078435,0.08483695553253602,0.084, 57.0
794,56.9997368027076,91.8024110207847,0.08483695553253601,0.084, 57.0
795,56.999736802707595,91.80241102078514,0.08483695553253619,0.084, 57.0
796,56.999736802707595,91.8024110207853,0.08483695553253638,0.084, 57.0
797,56.99973680270762,91.80241102078514,0.08483695553253645,0.084, 57.0
798,56.99973680270761,91.80241102078479,0.08483695553253638,0.084, 57.0
799,56.999736802707616,91.80241102078458,0.08483695553253623,0.084, 57.0
800,56.99973680270761,91.80241102078459,0.08483695553253613,0.084, 57.0
801,56.99973680270761,91.80241102078479,0.08483695553253613,0.084, 57.0
802,56.99973680270761,91.80241102078499,0.08483695553253623,0.084, 57.0
803,56.9997368027076,91.80241102078503,0.08483695553253631,0.084, 57.0
804,56.99973680270762,91.80241102078497,0.08483695553253634,0.084, 57.0
805,56.99973680270762,91.80241102078479,0.08483695553253631,0.084, 57.0
806,56.99973680270762,91.80241102078466,0.08483695553253623,0.084, 57.0
807,56.9997368027076,91.80241102078466,0.08483695553253617,0.084, 57.0
808,56.9997368027076,91.80241102078483,0.08483695553253617,0.084, 57.0
809,56.9997368027076,91.802411020785,0.08483695553253624,0.084, 57.0
810,56.999736802707616,91.80241102078506,0.08483695553253633,0.084, 57.0
811,56.999736802707616,91.80241102078492,0.08483695553253634,0.084, 57.0
812,56.999736802707616,91.80241102078476,0.08483695553253628,0.084, 57.0
813,56.9997368027076,91.80241102078469,0.08483695553253622,0.084, 57.0
814,56.99973680270761,91.80241102078479,0.08483695553253619,0.084, 57.0
815,56.9997368027076,91.80241102078489,0.08483695553253623,0.084, 57.0
816,56.999736802707595,91.80241102078496,0.08483695553253627,0.084, 57.0
817,56.99973680270761,91.80241102078499,0.0848369555325363,0.084, 57.0
818,56.999736802707616,91.80241102078492,0.08483695553253631,0.084, 57.0
819,56.99973680270762,91.8024110207848,0.08483695553253628,0.084, 57.0
820,56.999736802707616,91.80241102078472,0.08483695553253623,0.084, 57.0
821,56.9997368027076,91.80241102078473,0.08483695553253619,0.084, 57.0
822,56.9997368027076,91.80241102078487,0.0848369555325362,0.084, 57.0
823,56.99973680270761,91.80241102078499,0.08483695553253626,0.084, 57.0
824,56.99973680270761,91.80241102078497,0.08483695553253631,0.084, 57.0
825,56.999736802707616,91.80241102078487,0.08483695553253631,0.084, 57.0
826,56.99973680270761,91.80241102078476,0.08483695553253626,0.084, 57.0
827,56.99973680270761,91.80241102078475,0.08483695553253622,0.084, 57.0
828,56.99973680270761,91.8024110207848,0.0848369555325362,0.084, 57.0
829,56.9997368027076,91.80241102078489,0.08483695553253623,0.084, 57.0
830,56.999736802707595,91.80241102078496,0.08483695553253627,0.084, 57.0
831,56.99973680270761,91.80241102078499,0.0848369555325363,0.084, 57.0
832,56.999736802707616,91.80241102078492,0.08483695553253631,0.084, 57.0
833,56.99973680270762,91.8024110207848,0.08483695553253628,0.084, 57.0
834,56.999736802707616,91.80241102078472,0.08483695553253623,0.084, 57.0
835,56.9997368027076,91.80241102078473,0.08483695553253619,0.084, 57.0
836,56.9997368027076,91.80241102078487,0.0848369555325362,0.084, 57.0
837,56.99973680270761,91.80241102078499,0.08483695553253626,0.084, 57.0
838,56.99973680270761,91.80241102078497,0.08483695553253631,0.084, 57.0
839,56.999736802707616,91.80241102078487,0.08483695553253631,0.084, 57.0
840,56.99973680270761,91.80241102078476,0.08483695553253626,0.084, 57.0
841,56.99973680270761,91.80241102078475,0.08483695553253622,0.084, 57.0
842,56.99973680270761,91.8024110207848,0.0848369555325362,0.084, 57.0
843,56.9997368027076,91.80241102078489,0.08483695553253623,0.084, 57.0
844,56.999736802707595,91.80241102078496,0.08483695553253627,0.084, 57.0
845,56.99973680270761,91.80241102078499,0.0848369555325363,0.084, 57.0
846,56.999736802707616,91.80241102078492,0.08483695553253631,0.084, 57.0
847,56.99973680270762,91.8024110207848,0.08483695553253628,0.084, 57.0
848,56.999736802707616,91.80241102078472,0.08483695553253623,0.084, 57.0
849,56.9997368027076,91.80241102078473,0.08483695553253619,0.084, 57.0
850,56.9997368027076,91.80241102078487,0.0848369555325362,0.084, 57.0
851,56.99973680270761,91.80241102078499,0.08483695553253626,0.084, 57.0
852,56.99973680270761,91.80241102078497,0.08483695553253631,0.084, 57.0
853,56.999736802707616,91.80241102078487,0.08483695553253631,0.084, 57.0
854,56.99973680270761,91.80241102078476,0.08483695553253626,0.084, 57.0
855,56.99973680270761,91.80241102078475,0.08483695553253622,0.084, 57.0
856,56.99973680270761,91.8024110207848,0.0848369555325362,0.084, 57.0
857,56.9997368027076,91.80241102078489,0.08483695553253623,0.084, 57.0
858,56.999736802707595,91.80241102078496,0.08483695553253627,0.084, 57.0
859,56.99973680270761,91.80241102078499,0.0848369555325363,0.084, 57.0
860,56.999736802707616,91.80241102078492,0.08483695553253631,0.084, 57.0
861,56.99973680270762,91.8024110207848,0.08483695553253628,0.084, 57.0
862,56.999736802707616,91.80241102078472,0.08483695553253623,0.084, 57.0
863,56.9997368027076,91.80241102078473,0.08483695553253619,0.084, 57.0
864,56.9997368027076,91.80241102078487,0.0848369555325362,0.084, 57.0
865,56.99973680270761,91.80241102078499,0.08483695553253626,0.084, 57.0
866,56.99973680270761,91.80241102078497,0.08483695553253631,0.084, 57.0
867,56.999736802707616,91.80241102078487,0.08483695553253631,0.084, 57.0
868,56.99973680270761,91.80241102078476,0.08483695553253626,0.084, 57.0
869,56.99973680270761,91.80241102078475,0.08483695553253622,0.084, 57.0
870,56.99973680270761,91.8024110207848,0.0848369555325362,0.084, 57.0
871,56.9997368027076,91.80241102078489,0.08483695553253623,0.084, 57.0
872,56.999736802707595,91.80241102078496,0.08483695553253627,0.084, 57.0
873,56.99973680270761,91.80241102078499,0.0848369555325363,0.084, 57.0
874,56.999736802707616,91.80241102078492,0.08483695553253631,0.084, 57.0
875,56.99973680270762,91.8024110207848,0.08483695553253628,0.084, 57.0
876,56.999736802707616,91.80241102078472,0.08483695553253623,0.084, 57.0
877,56.9997368027076,91.80241102078473,0.08483695553253619,0.084, 57.0
878,56.9997368027076,91.80241102078487,0.0848369555325362,0.084, 57.0
879,56.99973680270761,91.80241102078499,0.08483695553253626,0.084, 57.0
880,56.99973680270761,91.80241102078497,0.08483695553253631,0.084, 57.0
881,56.999736802707616,91.80241102078487,0.08483695553253631,0.084, 57.0
882,56.99973680270761,91.80241102078476,0.08483695553253626,0.084, 57.0
883,56.99973680270761,91.80241102078475,0.08483695553253622,0.084, 57.0
884,56.99973680270761,91.8024110207848,0.0848369555325362,0.084, 57.0
885,56.9997368027076,91.80241102078489,0.08483695553253623,0.084, 57.0
886,56.999736802707595,91.80241102078496,0.08483695553253627,0.084, 57.0
887,56.99973680270761,91.80241102078499,0.0848369555325363,0.084, 57.0
888,56.999736802707616,91.80241102078492,0.08483695553253631,0.084, 57.0
889,56.99973680270762,91.8024110207848,0.08483695553253628,0.084, 57.0
890,56.999736802707616,91.80241102078472,0.08483695553253623,0.084, 57.0
891,56.9997368027076,91.80241102078473,0.08483695553253619,0.084, 57.0
892,56.9997368027076,91.80241102078487,0.0848369555325362,0.084, 57.0
893,56.99973680270761,91.80241102078499,0.08483695553253626,0.084, 57.0
894,56.99973680270761,91.80241102078497,0.08483695553253631,0.084, 57.0
895,56.999736802707616,91.80241102078487,0.08483695553253631,0.084, 57.0
896,56.99973680270761,91.80241102078476,0.08483695553253626,0.084, 57.0
897,56.99973680270761,91.80241102078475,0.08483695553253622,0.084, 57.0
898,56.99973680270761,91.8024110207848,0.0848369555325362,0.084, 57.0
899,56.9997368027076,91.80241102078489,0.08483695553253623,0.084, 57.0
900,56.999736802707595,91.80241102078496,0.08483695553253627,0.084, 57.0
901,56.99973680270761,91.80241102078499,0.0848369555325363,0.084, 57.0
902,56.999736802707616,91.80241102078492,0.08483695553253631,0.084, 57.0
903,56.99973680270762,91.8024110207848,0.08483695553253628,0.084, 57.0
904,56.999736802707616,91.80241102078472,0.08483695553253623,0.084, 57.0
905,56.9997368027076,91.80241102078473,0.08483695553253619,0.084, 57.0
906,56.9997368027076,91.80241102078487,0.0848369555325362,0.084, 57.0
907,56.99973680270761,91.80241102078499,0.08483695553253626,0.084, 57.0
908,56.99973680270761,91.80241102078497,0.08483695553253631,0.084, 57.0
909,56.999736802707616,91.80241102078487,0.08483695553253631,0.084, 57.0
910,56.99973680270761,91.80241102078476,0.08483695553253626,0.084, 57.0
911,56.99973680270761,91.80241102078475,0.08483695553253622,0.084, 57.0
912,56.99973680270761,91.8024110207848,0.0848369555325362,0.084, 57.0
913,56.9997368027076,91.80241102078489,0.08483695553253623,0.084, 57.0
914,56.999736802707595,91.80241102078496,0.08483695553253627,0.084, 57.0
915,56.99973680270761,91.80241102078499,0.0848369555325363,0.084, 57.0
916,56.999736802707616,91.80241102078492,0.08483695553253631,0.084, 57.0
917,56.99973680270762,91.8024110207848,0.08483695553253628,0.084, 57.0
918,56.999736802707616,91.80241102078472,0.08483695553253623,0.084, 57.0
919,56.9997368027076,91.80241102078473,0.08483695553253619,0.084, 57.0
920,56.9997368027076,91.80241102078487,0.0848369555325362,0.084, 57.0
921,56.99973680270761,91.80241102078499,0.08483695553253626,0.084, 57.0
922,56.99973680270761,91.80241102078497,0.08483695553253631,0.084, 57.0
923,56.999736802707616,91.80241102078487,0.08483695553253631,0.084, 57.0
924,56.99973680270761,91.80241102078476,0.08483695553253626,0.084, 57.0
925,56.99973680270761,91.80241102078475,0.08483695553253622,0.084, 57.0
926,56.99973680270761,91.8024110207848,0.0848369555325362,0.084, 57.0
927,56.9997368027076,91.80241102078489,0.08483695553253623,0.084, 57.0
928,56.999736802707595,91.80241102078496,0.08483695553253627,0.084, 57.0
929,56.99973680270761,91.80241102078499,0.0848369555325363,0.084, 57.0
930,56.999736802707616,91.80241102078492,0.08483695553253631,0.084, 57.0
931,56.99973680270762,91.8024110207848,0.08483695553253628,0.084, 57.0
932,56.999736802707616,91.80241102078472,0.08483695553253623,0.084, 57.0
933,56.9997368027076,91.80241102078473,0.08483695553253619,0.084, 57.0
934,56.9997368027076,91.80241102078487,0.0848369555325362,0.084, 57.0
935,56.99973680270761,91.80241102078499,0.08483695553253626,0.084, 57.0
936,56.99973680270761,91.80241102078497,0.08483695553253631,0.084, 57.0
937,56.999736802707616,91.80241102078487,0.08483695553253631,0.084, 57.0
938,56.99973680270761,91.80241102078476,0.08483695553253626,0.084, 57.0
939,56.99973680270761,91.80241102078475,0.08483695553253622,0.084, 57.0
940,56.99973680270761,91.8024110207848,0.0848369555325362,0.084, 57.0
941,56.9997368027076,91.80241102078489,0.08483695553253623,0.084, 57.0
942,56.999736802707595,91.80241102078496,0.08483695553253627,0.084, 57.0
943,56.99973680270761,91.80241102078499,0.0848369555325363,0.084, 57.0
944,56.999736802707616,91.80241102078492,0.08483695553253631,0.084, 57.0
945,56.99973680270762,91.8024110207848,0.08483695553253628,0.084, 57.0
946,56.999736802707616,91.80241102078472,0.08483695553253623,0.084, 57.0
947,56.9997368027076,91.80241102078473,0.08483695553253619,0.084, 57.0
948,56.9997368027076,91.80241102078487,0.0848369555325362,0.084, 57.0
949,56.99973680270761,91.80241102078499,0.08483695553253626,0.084, 57.0
950,56.99973680270761,91.80241102078497,0.08483695553253631,0.084, 57.0
951,56.999736802707616,91.80241102078487,0.08483695553253631,0.084, 57.0
952,56.99973680270761,91.80241102078476,0.08483695553253626,0.084, 57.0
953,56.99973680270761,91.80241102078475,0.08483695553253622,0.084, 57.0
954,56.99973680270761,91.8024110207848,0.0848369555325362,0.084, 57.0
955,56.9997368027076,91.80241102078489,0.08483695553253623,0.084, 57.0
956,56.999736802707595,91.80241102078496,0.08483695553253627,0.084, 57.0
957,56.99973680270761,91.80241102078499,0.0848369555325363,0.084, 57.0
958,56.999736802707616,91.80241102078492,0.08483695553253631,0.084, 57.0
959,56.99973680270762,91.8024110207848,0.08483695553253628,0.084, 57.0
960,56.999736802707616,91.80241102078472,0.08483695553253623,0.084, 57.0
961,56.9997368027076,91.80241102078473,0.08483695553253619,0.084, 57.0
962,56.9997368027076,91.80241102078487,0.0848369555325362,0.084, 57.0
963,56.99973680270761,91.80241102078499,0.08483695553253626,0.084, 57.0
964,56.99973680270761,91.80241102078497,0.08483695553253631,0.084, 57.0
965,56.999736802707616,91.80241102078487,0.08483695553253631,0.084, 57.0
966,56.99973680270761,91.80241102078476,0.08483695553253626,0.084, 57.0
967,56.99973680270761,91.80241102078475,0.08483695553253622,0.084, 57.0
968,56.99973680270761,91.8024110207848,0.0848369555325362,0.084, 57.0
969,56.9997368027076,91.80241102078489,0.08483695553253623,0.084, 57.0
970,56.999736802707595,91.80241102078496,0.08483695553253627,0.084, 57.0
971,56.99973680270761,91.80241102078499,0.0848369555325363,0.084, 57.0
972,56.999736802707616,91.80241102078492,0.08483695553253631,0.084, 57.0
973,56.99973680270762,91.8024110207848,0.08483695553253628,0.084, 57.0
974,56.999736802707616,91.80241102078472,0.08483695553253623,0.084, 57.0
975,56.9997368027076,91.80241102078473,0.08483695553253619,0.084, 57.0
976,56.9997368027076,91.80241102078487,0.0848369555325362,0.084, 57.0
977,56.99973680270761,91.80241102078499,0.08483695553253626,0.084, 57.0
978,56.99973680270761,91.80241102078497,0.08483695553253631,0.084, 57.0
979,56.999736802707616,91.80241102078487,0.08483695553253631,0.084, 57.0
980,56.99973680270761,91.80241102078476,0.08483695553253626,0.084, 57.0
981,56.99973680270761,91.80241102078475,0.08483695553253622,0.084, 57.0
982,56.99973680270761,91.8024110207848,0.0848369555325362,0.084, 57.0
983,56.9997368027076,91.80241102078489,0.08483695553253623,0.084, 57.0
984,56.999736802707595,91.80241102078496,0.08483695553253627,0.084, 57.0
985,56.99973680270761,91.80241102078499,0.0848369555325363,0.084, 57.0
986,56.999736802707616,91.80241102078492,0.08483695553253631,0.084, 57.0
987,56.99973680270762,91.8024110207848,0.08483695553253628,0.084, 57.0
988,56.999736802707616,91.80241102078472,0.08483695553253623,0.084, 57.0
989,56.9997368027076,91.80241102078473,0.08483695553253619,0.084, 57.0
990,56.9997368027076,91.80241102078487,0.0848369555325362,0.084, 57.0
991,56.99973680270761,91.80241102078499,0.08483695553253626,0.084, 57.0
992,56.99973680270761,91.80241102078497,0.08483695553253631,0.084, 57.0
993,56.999736802707616,91.80241102078487,0.08483695553253631,0.084, 57.0
994,56.99973680270761,91.80241102078476,0.08483695553253626,0.084, 57.0
995,56.99973680270761,91.80241102078475,0.08483695553253622,0.084, 57.0
996,56.99973680270761,91.8024110207848,0.0848369555325362,0.084, 57.0
997,56.9997368027076,91.80241102078489,0.08483695553253623,0.084, 57.0
998,56.999736802707595,91.80241102078496,0.08483695553253627,0.084, 57.0
999,56.99973680270761,91.80241102078499,0.0848369555325363,0.084, 57.0
1000,56.999736802707616,91.80241102078492,0.08483695553253631,0.084, 57.0
