tempo,temp,h,vazao,vazaoideal,tempideal+
1,39.0,0.15915494309189535,0.0,0.084, 28.0
2,24.077759973361445,0.8506471143343869,0.003532385530828224,0.084, 28.0
3,32.90970871367152,1.3073500713683945,0.008166439478978335,0.084, 28.0
4,28.768320041679647,1.9896714147332069,0.010124042947127503,0.084, 28.0
5,26.777237141109527,2.6476710049846175,0.012489605234557393,0.084, 28.0
6,28.78930829440593,3.011658736455165,0.014407546869290206,0.084, 28.0
7,27.348923911579647,3.6705042963127483,0.015366002893989216,0.084, 28.0
8,28.5742648222919,4.013330733894709,0.016963712354049143,0.084, 28.0
9,27.472476404358567,4.657661515230092,0.01773823918931485,0.084, 28.0
10,28.40645427469024,4.995595957618502,0.019109177449436156,0.084, 28.0
11,27.516266932917276,5.619485217407371,0.019790268393260625,0.084, 28.0
12,28.285426442509586,5.955679010865095,0.020989703214784577,0.084, 28.0
13,27.539553887777867,6.5524265766888306,0.02160845284724993,0.084, 28.0
14,28.198595077096186,6.887712928682968,0.022665176893472604,0.084, 28.0
15,28.6185511530654,7.217694120439972,0.023237828934923002,0.084, 28.0
16,27.96190774310146,7.8652304097996115,0.02378796374308852,0.084, 28.0
17,28.398620256984675,8.181640253703229,0.024832117592510906,0.084, 28.0
18,27.831116745768306,8.803779813103128,0.025326677553329673,0.084, 28.0
19,28.256990251119117,9.12620333210013,0.02627196866143238,0.084, 28.0
20,28.464904867765455,9.49278746991798,0.026748725974084266,0.084, 28.0
21,27.966129145949775,10.124623831646682,0.027280662338762408,0.084, 28.0
22,28.30753450137071,10.440565820091727,0.028173933136874944,0.084, 28.0
23,27.862729431568535,11.043042764829252,0.02861014435991527,0.084, 28.0
24,28.198800484660502,11.363881267455234,0.029424047185297498,0.084, 28.0
25,28.457923459930953,11.693379835291648,0.02984842192425741,0.084, 28.0
26,28.048600708341368,12.32405894894147,0.03027806101927376,0.084, 28.0
27,28.318504324862214,12.640496260802847,0.03108385789436394,0.084, 28.0
28,27.946799410044974,13.245585905044994,0.031480389242303584,0.084, 28.0
29,28.213398678862152,13.56216996334538,0.032225051356910624,0.084, 28.0
30,28.423818012966233,13.89515078146177,0.032607884401265254,0.084, 28.0
31,28.078307722875817,14.520738900476871,0.0330057543659678,0.084, 28.0
32,28.305200527698,14.838489117274532,0.03374056801237031,0.084, 28.0
33,27.98721454405493,15.439901605763868,0.03410773441309645,0.084, 28.0
34,28.210226907990695,15.754214240555095,0.03479207217013507,0.084, 28.0
35,28.393631416950377,16.086070663680243,0.0351444219821513,0.084, 28.0
36,28.094808032458612,16.706542028597138,0.035512644790729554,0.084, 28.0
37,28.290948227965977,17.025015659133615,0.0361910609825412,0.084, 28.0
38,28.013226372985397,17.622221482478707,0.03653438418361634,0.084, 28.0
39,28.20610275683824,17.936331955320924,0.037169640356429744,0.084, 28.0
40,28.369327456751357,18.26690881806982,0.03749944566653166,0.084, 28.0
41,28.10604622360203,18.882726697174117,0.037843436040305246,0.084, 28.0
42,28.27886853288066,19.20170764476492,0.038476041546116085,0.084, 28.0
43,28.0865932462692,19.74853315742509,0.03879966339221991,0.084, 28.0
44,28.253346043220994,20.066442207829166,0.039348252814351586,0.084, 28.0
45,28.35879469457196,20.42578434330189,0.039663699639516825,0.084, 28.0
46,28.12294526551441,21.0393289750775,0.04001726493046305,0.084, 28.0
47,28.276883973216,21.35917683192082,0.04061383251610313,0.084, 28.0
48,28.170230439366872,21.849652565870766,0.04092138149699485,0.084, 28.0
49,28.3129640369837,22.173600656424455,0.04138855833638408,0.084, 28.0
50,28.097040258212886,22.776463935757814,0.04169424770233512,0.084, 28.0
51,28.240979352105217,23.094847384327856,0.04225724520793343,0.084, 28.0
52,28.34936245141431,23.440481041423606,0.042551569124196865,0.084, 28.0
53,28.14340960518626,24.05182453153673,0.04286879650337307,0.084, 28.0
54,28.276646182798455,24.372836193149904,0.04342422184993624,0.084, 28.0
55,28.191093851777477,24.858634146472536,0.043713045621907344,0.084, 28.0
56,28.313140454606952,25.185486617697332,0.044146539129171235,0.084, 28.0
57,28.12242496323882,25.788177401985855,0.04443582058235755,0.084, 28.0
58,28.24791862488848,26.107989306758036,0.04496435375178533,0.084, 28.0
59,28.33694274044995,26.45987742804479,0.04524230720962217,0.084, 28.0
60,28.154371165637517,27.068262509472962,0.04554617865813456,0.084, 28.0
61,28.271824679954992,27.390077817725423,0.04606681865228681,0.084, 28.0
62,28.276957636897258,27.814869304446177,0.046339854347091695,0.084, 28.0
63,28.192280767639247,28.306298430126343,0.04669781315509946,0.084, 28.0
64,28.29941362504985,28.633132036124785,0.047108532103239065,0.084, 28.0
65,28.13166337303538,29.23189795868989,0.04737971666897327,0.084, 28.0
66,28.24165790073918,29.55232359339726,0.047872547456358404,0.084, 28.0
67,28.326115108253916,29.89805555258494,0.048134209972973956,0.084, 28.0
68,28.1644496168005,30.50367197291881,0.04841495177445351,0.084, 28.0
69,28.267780387188733,30.826332870343123,0.04890284125362079,0.084, 28.0
70,28.298970018171726,31.224655497681894,0.049160802444985593,0.084, 28.0
71,28.14489342989453,31.823130413246346,0.049477398789935,0.084, 28.0
72,28.245021160425704,32.144488882026685,0.04994930854775183,0.084, 28.0
73,28.320135138318715,32.49301139277733,0.050200875772748156,0.084, 28.0
74,28.17131695675609,33.09699779299865,0.050472290350188624,0.084, 28.0
75,28.265899773985137,33.42032242774552,0.05093922483677087,0.084, 28.0
76,28.302380896418473,33.80996549239887,0.05118743281641744,0.084, 28.0
77,28.15977593540143,34.409226707715696,0.05148496182968452,0.084, 28.0
78,28.251368251971577,34.73172695500869,0.05193922769819466,0.084, 28.0
79,28.31506755742144,35.087260084872504,0.05218206007118425,0.084, 28.0
80,28.177204886172145,35.689809291192695,0.05244846223345356,0.084, 28.0
81,28.264338985267116,36.01376155478647,0.05289689072553799,0.084, 28.0
82,28.303110173966854,36.3973377452424,0.053136417887313964,0.084, 28.0
83,28.170456731163096,36.99664500285168,0.05341864168272163,0.084, 28.0
84,28.254825706458025,37.320117284576156,0.053856633465373345,0.084, 28.0
85,28.310191299702627,37.68065479103803,0.05409156306773517,0.084, 28.0
86,28.18179463787676,38.28178711454744,0.05435221555389791,0.084, 28.0
87,28.26257293369672,38.606256427130816,0.054784049775281486,0.084, 28.0
88,28.30313462021937,38.98397018346308,0.05501572960424188,0.084, 28.0
89,28.179148054299624,39.58313567163928,0.0552842044564585,0.084, 28.0
90,28.257259806923376,39.90754683225678,0.055707430713115104,0.084, 28.0
91,28.305895957670128,40.272331640163216,0.05593524534360184,0.084, 28.0
92,28.185747248019883,40.87217451996304,0.056190308778194094,0.084, 28.0
93,28.260900132180403,41.19726126622401,0.056607229947817646,0.084, 28.0
94,28.302242452190892,41.570179614458894,0.056831903744920975,0.084, 28.0
95,28.185881198562537,42.168956865597,0.057088545977048474,0.084, 28.0
96,28.258524181108562,42.49427089474828,0.057498227957588445,0.084, 28.0
97,28.302456067843483,42.8615109315388,0.05771958799357689,0.084, 28.0
98,28.18954673374684,43.46027685141575,0.05796846088204036,0.084, 28.0
99,28.259661457182826,43.78610666174004,0.058371959922132094,0.084, 28.0
100,28.300613269816917,44.15583217268219,0.058590364073629206,0.084, 28.0
101,28.191012300344273,44.75402032048057,0.05883720967498615,0.084, 28.0
102,28.25882343855168,45.08022390997519,0.059234408861114474,0.084, 28.0
103,28.29979576225352,45.44773253102756,0.059449891123046265,0.084, 28.0
104,28.242456496027163,45.948208224017016,0.05969172664978423,0.084, 28.0
105,28.29646602307048,46.29296068395038,0.06001949287325689,0.084, 28.0
106,28.240097220904172,46.79272759868039,0.06024423721503751,0.084, 28.0
107,28.2940732930798,47.134439562651394,0.06056855490876882,0.084, 28.0
108,28.238653326923814,47.633677400265604,0.06078930877803983,0.084, 28.0
109,28.292028648372977,47.972734757620096,0.061110394436469026,0.084, 28.0
110,28.23752714477047,48.47150931972312,0.06132750121273013,0.084, 28.0
111,28.29009423494516,48.80780803700193,0.061645489134780115,0.084, 28.0
112,28.236478114656304,49.30613785482088,0.06185896984351543,0.084, 28.0
113,28.288161753078434,49.63944754592212,0.06217395924193631,0.084, 28.0
114,28.23539750299709,50.137328938466034,0.06238375339461625,0.084, 28.0
115,28.28618206900992,50.467420306226934,0.06269582592785373,0.084, 28.0
116,28.234236795232704,50.96483900386277,0.0629018739944065,0.084, 28.0
117,28.28413472442922,51.29152378564392,0.06321110169822103,0.084, 28.0
118,28.232976650333836,51.78846063687018,0.06341336976375316,0.084, 28.0
119,28.28240059819256,52.113924253416535,0.06371981884728348,0.084, 28.0
120,28.232008968560688,52.610442888228434,0.06391972826497197,0.084, 28.0
121,28.280903346105813,52.935059668798125,0.06422350599614685,0.084, 28.0
122,28.231257574410566,53.431208887832334,0.06442133713323385,0.084, 28.0
123,28.27958035619527,53.755173033061794,0.06472253685391245,0.084, 28.0
124,28.23065963912703,54.25098938459627,0.06491845319931802,0.084, 28.0
125,28.278389372805663,54.574433740455966,0.06521715700452105,0.084, 28.0
126,28.230166971300655,55.06989890079838,0.06541128041287488,0.084, 28.0
127,28.277296231290816,55.39291327070285,0.06570753437637569,0.084, 28.0
128,28.2297278726781,55.8878519199198,0.06589995751457738,0.084, 28.0
129,28.27626228388044,56.2104848056624,0.06619371262077474,0.084, 28.0
130,28.24392295134868,56.68703579020984,0.06638450126922647,0.084, 28.0
131,28.28572905854972,57.02315397575815,0.06666531036418004,0.084, 28.0
132,28.23969579226187,57.5201603389727,0.066862659771351,0.084, 28.0
133,28.282403812172735,57.85158789807034,0.06715341071438934,0.084, 28.0
134,28.236967069410635,58.347834535209856,0.06734659970042077,0.084, 28.0
135,28.279872134471876,58.676543969803525,0.06763482998840503,0.084, 28.0
136,28.235025099650354,59.17219374754711,0.06782507683174857,0.084, 28.0
137,28.277836266266014,59.499086441639115,0.06811093884103857,0.084, 28.0
138,28.23354732239178,59.99407543172207,0.06829881680545065,0.084, 28.0
139,28.27612124699542,60.31963846631181,0.06858232654151514,0.084, 28.0
140,28.247622124173354,60.793556718664895,0.0687681587346851,0.084, 28.0
141,28.285073193147266,61.134198232801175,0.06903777840243215,0.084, 28.0
142,28.242099714866157,61.63087502204261,0.06923092619235721,0.084, 28.0
143,28.28121525795664,61.964678040881324,0.06951158609705392,0.084, 28.0
144,28.238751001207532,62.46047611996486,0.06969957502313122,0.084, 28.0
145,28.27836913532781,62.790724748604816,0.06997786312688639,0.084, 28.0
146,28.236405964887886,63.28580280682135,0.07016261697150854,0.084, 28.0
147,28.27612076799485,63.613765513100034,0.07043867503051711,0.084, 28.0
148,28.249091605170232,64.08752812728518,0.07062095451229078,0.084, 28.0
149,28.28395113884835,64.43010370413533,0.07088344098009886,0.084, 28.0
150,28.243141738388637,64.9263912273627,0.07107263981592502,0.084, 28.0
151,28.279939579099633,65.26122417913302,0.07134584130995468,0.084, 28.0
152,28.23958411183601,65.75659410783742,0.07152957413296986,0.084, 28.0
153,28.27700106954137,66.08753825369706,0.07180053605687393,0.084, 28.0
154,28.240357154209864,66.57741652169649,0.07198099053979357,0.084, 28.0
155,28.277099359876765,66.90912279815484,0.07224727991627786,0.084, 28.0
156,28.239528002050925,67.40092054604705,0.07242703381594016,0.084, 28.0
157,28.27542393288134,67.7319371476065,0.07269272433201338,0.084, 28.0
158,28.256493157575115,68.1942539798224,0.07287100844898711,0.084, 28.0
159,28.284946592229883,68.54972056942205,0.07311928276465844,0.084, 28.0
160,28.246586239475324,69.04604548494223,0.07330960436834105,0.084, 28.0
161,28.27999463294389,69.38493564175842,0.07357451981507913,0.084, 28.0
162,28.242021234687595,69.88014068324334,0.07375485715743649,0.084, 28.0
163,28.275104507073866,70.21393800878784,0.07401758594797779,0.084, 28.0
164,28.259332613287967,70.67141102761961,0.0741941556990102,0.084, 28.0
165,28.284496149771773,71.03345119303617,0.07443546617416578,0.084, 28.0
166,28.247461415654758,71.52957405141235,0.07462588407204324,0.084, 28.0
167,28.278779840112843,71.86978960810833,0.07488603745445963,0.084, 28.0
168,28.242092217685716,72.3646204292738,0.07506391613335726,0.084, 28.0
169,28.272027022005577,72.6986273691427,0.07532188421471589,0.084, 28.0
170,28.273039858993616,73.12095549760035,0.07549551235497902,0.084, 28.0
171,28.26978833201073,73.55302963049303,0.07571448283526652,0.084, 28.0
172,28.27795491111203,73.95801894654839,0.07593785303147998,0.084, 28.0
173,28.242270582799723,74.45243633798812,0.07614662622473431,0.084, 28.0
174,28.26931331122216,74.78649223547347,0.07640072649457118,0.084, 28.0
175,28.278558636491745,75.18834680290415,0.0765719334434042,0.084, 28.0
176,28.24347555109675,75.68298273937793,0.0767773820167612,0.084, 28.0
177,28.26871972150953,76.01844451401857,0.07702951282961117,0.084, 28.0
178,28.279203276446623,76.41663543215326,0.0772000391832741,0.084, 28.0
179,28.24469031064192,76.91137455506308,0.07740196520683965,0.084, 28.0
180,28.267990512718566,77.24833996979649,0.07765212015854393,0.084, 28.0
181,28.27983946960148,77.6423496266153,0.07782203963937238,0.084, 28.0
182,28.24587659390037,78.13718085721736,0.07802025513113015,0.084, 28.0
183,28.26704445676755,78.47566772881058,0.07826848011304322,0.084, 28.0
184,28.280471541812563,78.8647391013822,0.07843782473997318,0.084, 28.0
185,28.24703999990197,79.35966188584072,0.07863202620782683,0.084, 28.0
186,28.26584059345217,79.69975840431415,0.07887837150860756,0.084, 28.0
187,28.281005220135246,80.0832051427605,0.07904720778685502,0.084, 28.0
188,28.248085923217445,80.57819787244591,0.07923713323431397,0.084, 28.0
189,28.264206675315474,80.91977515526006,0.07948163758504073,0.084, 28.0
190,28.280338283169367,81.29751968910078,0.07964992386796353,0.084, 28.0
191,28.247899367786175,81.79231714623936,0.07983561575904267,0.084, 28.0
192,28.260875753262322,82.13278334723944,0.08007819718415972,0.084, 28.0
193,28.273284134815345,82.50416586742638,0.08024468963379179,0.084, 28.0
194,28.26937425565065,82.93843931480468,0.08042590754232264,0.084, 28.0
195,28.277578846793748,83.34035598803338,0.08063729684383454,0.084, 28.0
196,28.245875908515785,83.83423267630563,0.08083244342132569,0.084, 28.0
197,28.252200931406062,84.1674409112486,0.08107159701043493,0.084, 28.0
198,28.25675584846489,84.51608241991912,0.08123255115679853,0.084, 28.0
199,28.260040453706974,84.87783256577563,0.08140061954138715,0.084, 28.0
200,28.261853688121466,85.25041532084552,0.08157464111570954,0.084, 28.0
201,28.26191555403275,85.6298544570574,0.08175348653821615,0.084, 28.0
202,28.25988082020869,86.01008856847795,0.08193522190995335,0.084, 28.0
203,28.255420837464378,86.38288746570532,0.08211693457362294,0.084, 28.0
204,28.248388744854616,86.73876886325077,0.08229470443054825,0.084, 28.0
205,28.23903634617269,87.06929587443828,0.08246404961484041,0.084, 28.0
206,28.227997002930707,87.36943883309851,0.08262101909657107,0.084, 28.0
207,28.21606454985914,87.63842792316267,0.0827633010730899,0.084, 28.0
208,28.203911270643545,87.87854877576488,0.08289060712273709,0.084, 28.0
209,28.191976743893605,88.09334560942808,0.08300408558631298,0.084, 28.0
210,28.180510297792928,88.28647908974355,0.08310546489719652,0.084, 28.0
211,28.169627007285577,88.46119164607383,0.08319651411348852,0.084, 28.0
212,28.159362288483475,88.6201677023718,0.08327879336933376,0.084, 28.0
213,28.149710970876303,88.76557648876995,0.08335359109160174,0.084, 28.0
214,28.14065182238962,88.89917560314552,0.08342194673297648,0.084, 28.0
215,28.132154132945228,89.02239580895566,0.08348470139664278,0.084, 28.0
216,28.124182246369063,89.13642174606186,0.08354253905300058,0.084, 28.0
217,28.116703650912193,89.24221656815567,0.0835960254132411,0.084, 28.0
218,28.109684897290933,89.34059339738849,0.0836456202017978,0.084, 28.0
219,28.10309398259388,89.43223609176069,0.08369171119265789,0.084, 28.0
220,28.096921147695934,89.51766522786828,0.08373462431750703,0.084, 28.0
221,28.091539174054258,89.59583482422953,0.0837746080496046,0.084, 28.0
222,28.08686133820324,89.66747961628496,0.08381117735850985,0.084, 28.0
223,28.082807295104534,89.73330504028017,0.08384468022430966,0.084, 28.0
224,28.07930782145152,89.79391294193968,0.08387545001463757,0.084, 28.0
225,28.07630220221043,89.84982427181468,0.08390377092031127,0.084, 28.0
226,28.073736901160576,89.90149392018493,0.08392988873405155,0.084, 28.0
227,28.071565058139672,89.9493170434978,0.08395401791065452,0.084, 28.0
228,28.069744305409003,89.99364800964835,0.08397634462281761,0.084, 28.0
229,28.068236827199303,90.03480141050319,0.08399703568553138,0.084, 28.0
230,28.067008957438908,90.07305662975105,0.08401623908854437,0.084, 28.0
231,28.065887990697593,90.11060010640684,0.08403408617800567,0.084, 28.0
232,28.064840452417318,90.14781927638414,0.08405159753593204,0.084, 28.0
233,28.06386143307199,90.18473598547072,0.08406895402744415,0.084, 28.0
234,28.06294636244916,90.22137063332336,0.08408616593269612,0.084, 28.0
235,28.062090985745062,90.25774221424254,0.08410324284861169,0.084, 28.0
236,28.06129134052638,90.29386842003613,0.08412019370874402,0.084, 28.0
237,28.06054361886954,90.32976681793154,0.08413702683201275,0.084, 28.0
238,28.059844229740303,90.36545424543387,0.08415375047213186,0.084, 28.0
239,28.059190011226278,90.4009447379241,0.08417037253595838,0.084, 28.0
240,28.058578012671518,90.43625139653155,0.0841868996189624,0.084, 28.0
241,28.057998113075904,90.47155822302588,0.0842033378761678,0.084, 28.0
242,28.057442165280488,90.50700097445475,0.08421977300304977,0.084, 28.0
243,28.05690697272823,90.54260572097517,0.08423626817705811,0.084, 28.0
244,28.056389273855956,90.57839896035004,0.08425283549248924,0.084, 28.0
245,28.055885759510332,90.61440688766412,0.08426948723287359,0.084, 28.0
246,28.055393046671824,90.65065553430601,0.08428623553103358,0.084, 28.0
247,28.054907650179015,90.68717089844046,0.08430309243372743,0.084, 28.0
248,28.054425951466957,90.72397907688013,0.08432006996224405,0.084, 28.0
249,28.05394416359236,90.76110640089365,0.08433718017355929,0.084, 28.0
250,28.053458291645082,90.79857957883627,0.08435443522322975,0.084, 28.0
251,28.052964087421515,90.83642584890174,0.08437184743136045,0.084, 28.0
252,28.052456996939295,90.87467314587326,0.08438942935317134,0.084, 28.0
253,28.05193209897673,90.91335028654706,0.08440719385595322,0.084, 28.0
254,28.051384032285274,90.95248717958663,0.08442515420456921,0.084, 28.0
255,28.050806908392296,90.99211506704266,0.08444332415815707,0.084, 28.0
256,28.050194205898453,91.03226680679563,0.08446171808136599,0.084, 28.0
257,28.049538640749965,91.07297720796831,0.0844803510743935,0.084, 28.0
258,28.048832004930496,91.11428343525137,0.08449923912737152,0.084, 28.0
259,28.048064963054127,91.15622550359717,0.08451839930644515,0.084, 28.0
260,28.047226791937312,91.19884689266256,0.08453784998142559,0.084, 28.0
261,28.046304909613653,91.24219529445084,0.08455761110854981,0.084, 28.0
262,28.045283111187665,91.28632308356501,0.08457770457446187,0.084, 28.0
263,28.044143601165857,91.33128851049193,0.08459815441102422,0.084, 28.0
264,28.042864842876792,91.37715764891348,0.08461898734458223,0.084, 28.0
265,28.041420311947935,91.4240065404761,0.08464023369340858,0.084, 28.0
266,28.039774970380684,91.47192291420741,0.08466192835491834,0.084, 28.0
267,28.037882303653475,91.52100907079931,0.08468411159405206,0.084, 28.0
268,28.03568346029671,91.57138911060798,0.08470683036892991,0.084, 28.0
269,28.033094850853047,91.62321444163027,0.0847301416632338,0.084, 28.0
270,28.029986211746827,91.67666749634053,0.08475411501646285,0.084, 28.0
271,28.026161600163434,91.73197662413845,0.08477883422006403,0.084, 28.0
272,28.021250015514973,91.78938995594363,0.0848044041741492,0.084, 28.0
273,28.01445327875109,91.8490056211151,0.08483093876968463,0.084, 28.0
274,28.002916986309426,91.90879108258434,0.08485848243219664,0.084, 28.0
275,27.99893552517819,91.91794685372746,0.08488609556855949,0.084, 28.0
276,28.00184819939295,91.91714123041952,0.08489032355535132,0.084, 28.0
277,27.999290138899514,91.92060924466429,0.0848899515400079,0.084, 28.0
278,28.001241703941364,91.91784032280643,0.08489155296483673,0.084, 28.0
279,27.999509204336075,91.91800892681933,0.08489027436230857,0.084, 28.0
280,28.000862534334154,91.91401796241398,0.08489035221898089,0.084, 28.0
281,27.999652911709852,91.9120967909366,0.08488850928278371,0.084, 28.0
282,28.000611900046817,91.90730040032331,0.08488762211541463,0.084, 28.0
283,27.99975081433928,91.90398634382382,0.0848854071757057,0.084, 28.0
284,28.000440275169183,91.89863960661945,0.08488387673378135,0.084, 28.0
285,27.999819214442415,91.89436648424076,0.0848814075352133,0.084, 28.0
286,28.000319937774357,91.88863452638964,0.08487943409545375,0.084, 28.0
287,27.999867845196032,91.88368643796825,0.08487678685523474,0.084, 28.0
288,28.000234159288013,91.87768030560812,0.08487450156988677,0.084, 28.0
289,27.999902854243786,91.8722498919292,0.0848717275419776,0.084, 28.0
290,28.000172289635568,91.86604629694014,0.08486921934086143,0.084, 28.0
291,27.999928287296225,91.86026743838333,0.0848663539318151,0.084, 28.0
292,28.000127278245547,91.85392041012467,0.08486368461933086,0.084, 28.0
293,27.999946888950543,91.84788781912548,0.0848607527668343,0.084, 28.0
294,28.00009432042783,91.84143595448245,0.08485796606694881,0.084, 28.0
295,27.999960563869642,91.83521751430035,0.0848549855861836,0.084, 28.0
296,28.000070070423963,91.82868867712523,0.08485211283828557,0.084, 28.0
297,27.99997065656403,91.8223335160356,0.084849096590869,0.084, 28.0
298,28.000052160239687,91.81574798125588,0.08484616047681351,0.084, 28.0
299,27.999978128438734,91.80929191488079,0.08484311782183905,0.084, 28.0
300,28.00003889319191,91.80266452421233,0.08484013487805553,0.084, 28.0
301,27.999983673718663,91.79613380875335,0.08483707266695527,0.084, 28.0
302,28.000725875695153,91.79528187001668,0.08483405501687552,0.084, 28.0
303,28.001046720078428,91.80240102454826,0.08483366135331723,0.084, 28.0
304,28.001055558387726,91.81150007137528,0.08483695091364721,0.084, 28.0
305,28.00026874130043,91.81677683265364,0.08484115514062632,0.084, 28.0
306,27.999888432671185,91.81154340628898,0.08484359317992164,0.084, 28.0
307,28.000198010608408,91.8054235812707,0.08484117516308373,0.084, 28.0
308,27.99991749375629,91.79979205838167,0.08483834751320668,0.084, 28.0
309,28.000589946297456,91.79705614313004,0.0848357453988419,0.084, 28.0
310,28.000738313620957,91.80141186888368,0.08483448120676754,0.084, 28.0
311,28.000959189959683,91.80810833620625,0.08483649386036932,0.084, 28.0
312,28.000428566433897,91.81346768933047,0.08483958800912797,0.084, 28.0
313,27.99982306647508,91.81051409333244,0.08484206425378575,0.084, 28.0
314,28.00031359395794,91.8047634826252,0.0848406995781934,0.084, 28.0
315,27.99987002279896,91.79978281507942,0.08483804251064388,0.084, 28.0
316,28.000750525199784,91.79790931044765,0.08483574112779488,0.084, 28.0
317,28.00068513703819,91.80312862572289,0.08483487543421689,0.084, 28.0
318,28.00089299112792,91.80908870905162,0.08483728711042496,0.084, 28.0
319,28.000243203510227,91.8129717436214,0.08484004098767071,0.084, 28.0
320,27.99989890162107,91.80759465875303,0.08484183510921908,0.084, 28.0
321,28.000179482111452,91.80141579157667,0.08483935066492576,0.084, 28.0
322,28.00005564462787,91.79730585477469,0.08483649567290963,0.084, 28.0
323,28.000785737493224,91.79762394373023,0.08483459659251252,0.084, 28.0
324,28.00092326219535,91.80442586878502,0.08483474357354098,0.084, 28.0
325,28.00085582330776,91.81175312812238,0.08483788651370769,0.084, 28.0
326,28.000090639806857,91.81451522635615,0.08484127206286333,0.084, 28.0
327,27.999962058672768,91.8082769593202,0.0848425482511359,0.084, 28.0
328,28.00006744749945,91.80174064613252,0.08483966592114035,0.084, 28.0
329,28.00004423071384,91.79620661107721,0.08483664577679147,0.084, 28.0
330,28.00076106495886,91.79622000525708,0.08483408865726356,0.084, 28.0
331,28.001031896524264,91.80347526243997,0.08483409484642455,0.084, 28.0
332,28.000968554160615,91.81205441315913,0.08483744727757486,0.084, 28.0
333,28.000165328817218,91.8161371546413,0.08484141126826969,0.084, 28.0
334,27.99993103529435,91.81032084348313,0.08484329763112627,0.084, 28.0
335,28.000122512243415,91.80396010018724,0.08484061028852326,0.084, 28.0
336,27.99994877202608,91.79790241435693,0.08483767130146065,0.084, 28.0
337,28.000670541648777,91.79621937080735,0.08483487224771182,0.084, 28.0
338,28.000897792951534,91.80210872569289,0.08483409455325905,0.084, 28.0
339,28.000998994244323,91.81003065412045,0.08483681585310897,0.084, 28.0
340,28.0003281380028,91.81517615952224,0.08484047620848816,0.084, 28.0
341,27.999864138355516,91.81027686066554,0.08484285362307507,0.084, 28.0
342,28.00024100945539,91.80429436826117,0.08484058996657307,0.084, 28.0
343,27.999899771314023,91.79890524352223,0.08483782575285434,0.084, 28.0
344,28.00073519051125,91.79724250725872,0.08483533562786288,0.084, 28.0
345,28.000780501054443,91.80289619327517,0.08483456732116386,0.084, 28.0
346,28.000930671836755,91.80970537518904,0.08483717971239246,0.084, 28.0
347,28.00025669856736,91.81395845157233,0.08484032591530292,0.084, 28.0
348,27.999893361943272,91.80865733085142,0.0848422910027969,0.084, 28.0
349,28.000189291170138,91.80250974585977,0.08483984167087272,0.084, 28.0
350,27.999909398925706,91.79741414115118,0.08483700114970712,0.084, 28.0
351,28.000877718688933,91.79711485167132,0.08483464662899383,0.084, 28.0
352,28.00088868672674,91.80432311459428,0.08483450833458653,0.084, 28.0
353,28.00091523025137,91.81174294232534,0.08483783903532782,0.084, 28.0
354,28.00007619548045,91.81492894281558,0.08484126735662491,0.084, 28.0
355,27.99996808433614,91.80860894738746,0.08484273940129906,0.084, 28.0
356,28.000056742732333,91.80203848939746,0.08483981931543216,0.084, 28.0
357,28.0000093351344,91.79609011251638,0.08483678339947102,0.084, 28.0
358,28.000749094075225,91.79567930776888,0.08483403482577782,0.084, 28.0
359,28.001045234745927,91.80293538872486,0.08483384500144434,0.084, 28.0
360,28.001018021291873,91.81183973355088,0.08483719782310134,0.084, 28.0
361,28.000214939530725,91.81656274572072,0.08484131207796347,0.084, 28.0
362,27.999910546480265,91.81102626420106,0.08484349426599841,0.084, 28.0
363,28.000158838661523,91.8047814156893,0.08484093622251798,0.084, 28.0
364,27.99993369497239,91.7989288844966,0.08483805079673885,0.084, 28.0
365,28.00062071219004,91.79664883325519,0.08483534655168525,0.084, 28.0
366,28.00081379005635,91.80168879483145,0.08483429299833416,0.084, 28.0
367,28.000978433615796,91.80897683868474,0.084836621818144,0.084, 28.0
368,28.000387879239895,91.81427091766618,0.08483998929840152,0.084, 28.0
369,27.99973436888347,91.81016487100364,0.08484243537254826,0.084, 28.0
370,28.00046991931631,91.80491418019217,0.08484053822251887,0.084, 28.0
371,27.999806630168226,91.80081053057518,0.08483811214146073,0.084, 28.0
372,28.000864111185688,91.79919945731821,0.08483621600234828,0.084, 28.0
373,28.00053343208901,91.8044089022699,0.08483547157559594,0.084, 28.0
374,28.000815459400215,91.80882593589926,0.08483787867419812,0.084, 28.0
375,28.00011228964918,91.81136164959139,0.08483991957430477,0.084, 28.0
376,27.99994139597079,91.80556706418405,0.08484109118421312,0.084, 28.0
377,28.000104138329306,91.79914785303603,0.08483841381020764,0.084, 28.0
378,28.000344003958283,91.7964211654717,0.08483544773075714,0.084, 28.0
379,28.000882792852156,91.79986365076799,0.08483418779815707,0.084, 28.0
380,28.00098339600366,91.80761019523088,0.08483577847948477,0.084, 28.0
381,28.00059981078358,91.81401847812648,0.08483935784355101,0.084, 28.0
382,27.999785285242368,91.81264310727568,0.08484231873708495,0.084, 28.0
383,28.00038023855464,91.80710550281046,0.08484168326719133,0.084, 28.0
384,27.999842897238246,91.80249909316917,0.08483912465024813,0.084, 28.0
385,28.000578068224222,91.79870844640224,0.08483699622749773,0.084, 28.0
386,28.000454249668763,91.80122408256145,0.08483524469345236,0.084, 28.0
387,28.000887108960203,91.805520818923,0.0848364070907816,0.084, 28.0
388,28.000477496235604,91.8106011603401,0.08483839244235811,0.084, 28.0
389,28.000141359055963,91.81023580691729,0.08484073980683257,0.084, 28.0
390,27.999940956121815,91.80428436913508,0.0848405709979743,0.084, 28.0
391,28.00010492124584,91.79786769508162,0.08483782113267756,0.084, 28.0
392,28.000482777295336,91.79624176983772,0.08483485620483129,0.084, 28.0
393,28.000954857756586,91.801185182128,0.08483410490336583,0.084, 28.0
394,28.000983831632137,91.80937622861731,0.08483638911622085,0.084, 28.0
395,28.000446590817255,91.81500867371261,0.08484017383482662,0.084, 28.0
396,27.9998161009626,91.81077400854971,0.08484277623945993,0.084, 28.0
397,28.000325889980935,91.80506268982121,0.0848408196699578,0.084, 28.0
398,27.999865004377696,91.80015112886404,0.08483818076127035,0.084, 28.0
399,28.00073253556182,91.79805442535167,0.08483591131415363,0.084, 28.0
400,28.000652252793046,91.80295531930759,0.08483494248803126,0.084, 28.0
401,28.000888558756078,91.80866481043172,0.08483720703225511,0.084, 28.0
402,28.00026706978908,91.81263892927436,0.0848398451267908,0.084, 28.0
403,27.99985403732152,91.80806294270067,0.08484168133679997,0.084, 28.0
404,28.000258882365255,91.80213758564862,0.08483956703512656,0.084, 28.0
405,27.999941873690464,91.798100993873,0.08483682918824142,0.084, 28.0
406,28.000850501895137,91.79789644031494,0.08483496400611981,0.084, 28.0
407,28.00082762844452,91.80459799325658,0.0848348694872615,0.084, 28.0
408,28.000854440062177,91.81129379063232,0.08483796604511046,0.084, 28.0
409,28.000068126678034,91.81392297518204,0.0848410598306361,0.084, 28.0
410,27.999971452458876,91.8075573567199,0.08484227461150645,0.084, 28.0
411,28.000050759093174,91.80096785611326,0.08483933342952926,0.084, 28.0
412,28.000144822096754,91.79604286848044,0.0848362886972272,0.084, 28.0
413,28.000789983311993,91.79718523425284,0.08483401299531261,0.084, 28.0
414,28.001040076706197,91.80466654026301,0.0848345408566901,0.084, 28.0
415,28.000870313965244,91.81280695913593,0.08483799771774804,0.084, 28.0
416,28.000051103548245,91.81548050274205,0.08484175897278567,0.084, 28.0
417,27.9999785702757,91.8090184632376,0.08484299423885851,0.084, 28.0
418,28.000038108027876,91.80238857892206,0.08484000853086843,0.084, 28.0
419,27.99998400257059,91.79585342644836,0.08483694516298598,0.084, 28.0
420,28.000750663603565,91.79521349376662,0.08483392545811819,0.084, 28.0
421,28.001066114262905,91.80259812168556,0.08483362975796394,0.084, 28.0
422,28.00105816491275,91.81182204193863,0.08483704198485557,0.084, 28.0
423,28.000242258750223,91.81698858285851,0.0848413039037472,0.084, 28.0
424,27.999899304979465,91.81160602863856,0.0848436910141002,0.084, 28.0
425,28.000178755338816,91.80542473320504,0.08484120409709697,0.084, 28.0
426,27.99992545103498,91.79968458956768,0.08483834804546395,0.084, 28.0
427,28.000573397004786,91.79689789106381,0.08483569574077945,0.084, 28.0
428,28.000754689062358,91.80123123141898,0.08483440808221275,0.084, 28.0
429,28.000969791343675,91.80809401828122,0.08483641039402391,0.084, 28.0
430,28.00044622188435,91.81362194152979,0.08483958139355267,0.084, 28.0
431,27.999813508002376,91.81079864266532,0.08484213552366499,0.084, 28.0
432,28.000330466710732,91.80510195141149,0.0848408310519467,0.084, 28.0
433,27.99986313758917,91.80021610957182,0.0848381989023262,0.084, 28.0
434,28.000732617671925,91.7980973552807,0.08483594133968475,0.084, 28.0
435,28.000645298690536,91.80295905749942,0.08483496232482222,0.084, 28.0
436,28.000886487408888,91.80860838164199,0.08483720875952931,0.084, 28.0
437,28.00026748151726,91.81256819434614,0.08483981905403107,0.084, 28.0
438,27.999861590169278,91.80805144924385,0.08484164865463623,0.084, 28.0
439,28.000245525816943,91.80208343312395,0.0848395617245912,0.084, 28.0
440,27.999952348229737,91.79796904018461,0.08483680416633407,0.084, 28.0
441,28.00083614289364,91.79774500995887,0.08483490303377776,0.084, 28.0
442,28.000844861967007,91.80444504037992,0.08483479951517996,0.084, 28.0
443,28.000864735745235,91.81131046822297,0.08483789537209058,0.084, 28.0
444,28.00008378158435,91.81411144984348,0.08484106753635696,0.084, 28.0
445,27.999964917929034,91.80783440389575,0.08484236169312903,0.084, 28.0
446,28.00006236891007,91.80128191130999,0.08483946143903454,0.084, 28.0
447,28.0001031351568,91.79615974999881,0.08483643381146277,0.084, 28.0
448,28.000778170178823,91.7968438183709,0.08483406700376864,0.084, 28.0
449,28.001032162676367,91.80420743669433,0.08483438309647968,0.084, 28.0
450,28.000906746201576,91.81248011535492,0.08483778558541492,0.084, 28.0
451,28.00009582301119,91.81569815618326,0.08484160795885369,0.084, 28.0
452,27.999959900300325,91.80948915984483,0.08484309480119621,0.084, 28.0
453,28.000071279660315,91.80296502691415,0.08484022601414871,0.084, 28.0
454,27.999970123490858,91.79661765475248,0.08483721151776542,0.084, 28.0
455,28.000723423817313,91.79560949323147,0.08483427859145498,0.084, 28.0
456,28.00100349134661,91.80246423784428,0.08483381274155574,0.084, 28.0
457,28.00103343816707,91.81119996977795,0.08483698012215542,0.084, 28.0
458,28.000269494795454,91.81631292997717,0.08484101648159686,0.084, 28.0
459,27.99988812181329,91.8110837619506,0.08484337884425756,0.084, 28.0
460,28.000198562567675,91.80496571104543,0.08484096278883761,0.084, 28.0
461,27.999917264464028,91.79933731781121,0.08483813595162237,0.084, 28.0
462,28.000635830071992,91.79700070751275,0.08483553527688972,0.084, 28.0
463,28.000768595486793,91.801877349413,0.08483445559128083,0.084, 28.0
464,28.000956632338955,91.80875534981078,0.08483670894249717,0.084, 28.0
465,28.000373233188217,91.81381115916258,0.0848398869602333,0.084, 28.0
466,27.999767468218216,91.80986322136927,0.08484222294870843,0.084, 28.0
467,28.000411654892105,91.80442613097637,0.0848403988472199,0.084, 28.0
468,27.999830146343413,91.79999605311237,0.08483788663485523,0.084, 28.0
469,28.0008607312278,91.79864724648971,0.08483583965850759,0.084, 28.0
470,28.000625469269774,91.8043273132147,0.0848352164146753,0.084, 28.0
471,28.000839676758364,91.80955723674084,0.08483784097533384,0.084, 28.0
472,28.00011150922749,91.81229510551113,0.0848402574687305,0.084, 28.0
473,27.999953363700765,91.80617492441853,0.0848415224773346,0.084, 28.0
474,28.00008289205315,91.79968793170666,0.08483869467450812,0.084, 28.0
475,28.000287593825465,91.79628183872613,0.08483569728508043,0.084, 28.0
476,28.000853131504023,91.79907632412072,0.08483412341832813,0.084, 28.0
477,28.00100344652626,91.80674712823658,0.08483541467931342,0.084, 28.0
478,28.000680833440224,91.81370267074558,0.08483895906276638,0.084, 28.0
479,27.999861495499108,91.81359050784465,0.08484217282334566,0.084, 28.0
480,28.000245670081735,91.8076228228277,0.0848421210002144,0.084, 28.0
481,27.999897867606975,91.80225982774431,0.08483936367812817,0.084, 28.0
482,28.000400927217974,91.79761103319112,0.08483688567183001,0.084, 28.0
483,28.000556389166725,91.79928427378582,0.08483473760790555,0.084, 28.0
484,28.000956982670246,91.80475289521922,0.08483551076680572,0.084, 28.0
485,28.00067230036009,91.81135056100385,0.08483803761866011,0.084, 28.0
486,28.00013773021942,91.81277703679231,0.08484108606083908,0.084, 28.0
487,27.999942467659487,91.80680500795903,0.08484174514756587,0.084, 28.0
488,28.000102234125524,91.80037968447155,0.08483898580619637,0.084, 28.0
489,28.00020223197709,91.7965151158657,0.08483601692242847,0.084, 28.0
490,28.000821354942833,91.79838375338358,0.08483423121054302,0.084, 28.0
491,28.0009891413071,91.80577848487442,0.08483509466173343,0.084, 28.0
492,28.000759439786705,91.81303685359353,0.08483851149810537,0.084, 28.0
493,27.999954566451425,91.8141997804125,0.08484186519237855,0.084, 28.0
494,28.000080745295918,91.80770568166182,0.0848424025047873,0.084, 28.0
495,27.999966176619107,91.80141169408041,0.0848394019630165,0.084, 28.0
496,28.000237397582595,91.79622734736552,0.0848364937795988,0.084, 28.0
497,28.000710773201057,91.79757565040642,0.08483409823905394,0.084, 28.0
498,28.001041882081253,91.80457167566658,0.08483472125840848,0.084, 28.0
499,28.000829751103655,91.8125221777221,0.08483795388487549,0.084, 28.0
500,28.000083695345193,91.81502388821603,0.08484162739324025,0.084, 28.0
501,27.99996495508155,91.80874632085997,0.08484278326903319,0.084, 28.0
502,28.000062301942464,91.80219358429325,0.0848398827884352,0.084, 28.0
503,27.999987623273967,91.79614000092694,0.08483685506316574,0.084, 28.0
504,28.000761773876864,91.79562865258866,0.08483405787814628,0.084, 28.0
505,28.001037777644537,91.8029216252206,0.08483382159470922,0.084, 28.0
506,28.001024434378802,91.81181399674053,0.08483719146351613,0.084, 28.0
507,28.000214052126044,91.8165823067081,0.08484130018655099,0.084, 28.0
508,27.999910912229392,91.81104082206767,0.08484350330370567,0.084, 28.0
509,28.00015819040404,91.80479390426412,0.0848409429488505,0.084, 28.0
510,27.999933963643223,91.79893771278242,0.08483805656716983,0.084, 28.0
511,28.00061894001367,91.79664533588434,0.08483535063098485,0.084, 28.0
512,28.000813484544945,91.80167077033664,0.08483429138227849,0.084, 28.0
513,28.00097883632744,91.80895910714563,0.08483661348966254,0.084, 28.0
514,28.000389921830664,91.81426658439007,0.08483998110560974,0.084, 28.0
515,27.999726076948146,91.81022986352552,0.08484243337043193,0.084, 28.0
516,28.000484502706314,91.80502584323953,0.08484056825187113,0.084, 28.0
517,27.999800764285077,91.80100381786065,0.08483816373608034,0.084, 28.0
518,28.000865958528564,91.79933486130388,0.08483630531394137,0.084, 28.0
519,28.00051069829862,91.80443584192413,0.08483553414181008,0.084, 28.0
520,28.000809895153402,91.80864944872955,0.08483789112187344,0.084, 28.0
521,28.000111402648443,91.8111326133592,0.08483983802896135,0.084, 28.0
522,27.999965351858894,91.80551476160232,0.0848409853601864,0.084, 28.0
523,28.000061600468044,91.79895989629122,0.084838389643543,0.084, 28.0
524,28.000374090015924,91.7960125967021,0.08483536088135202,0.084, 28.0
525,28.00088989608879,91.79973236967261,0.08483399900736406,0.084, 28.0
526,28.001020199502555,91.80771882269178,0.08483571781851282,0.084, 28.0
527,28.00060277207245,91.81439611100818,0.0848394080348221,0.084, 28.0
528,27.99976748197034,91.81294312304199,0.08484249321597663,0.084, 28.0
529,28.000411609058467,91.80750584192275,0.084841821885474,0.084, 28.0
530,27.999830184399944,91.80307539382058,0.08483930962712241,0.084, 28.0
531,28.000564886895145,91.79898707651425,0.08483726251403645,0.084, 28.0
532,28.000394101165934,91.80101955707478,0.08483537344055672,0.084, 28.0
533,28.00088086023642,91.80482840149679,0.08483631258650191,0.084, 28.0
534,28.000503481927932,91.81000074199935,0.0848380725068489,0.084, 28.0
535,28.00021419223484,91.8103508893886,0.08484046238778258,0.084, 28.0
536,27.999910833902877,91.80481042367953,0.08484062417101884,0.084, 28.0
537,28.00015834601952,91.79856417799304,0.08483806420007753,0.084, 28.0
538,28.000397963359088,91.7968252904042,0.0848351780310188,0.084, 28.0
539,28.000917970912397,91.80091380800205,0.08483437453513576,0.084, 28.0
540,28.000936177466816,91.80862911571933,0.0848362637234064,0.084, 28.0
541,28.00049576889573,91.81416664316787,0.0848398286341527,0.084, 28.0
542,27.99970213023837,91.81116564229126,0.08484238719428139,0.084, 28.0
543,28.000526583138875,91.80609631814691,0.08484100062090047,0.084, 28.0
544,27.999783889582663,91.80230961295723,0.08483865835421207,0.084, 28.0
545,28.000803298407202,91.79982055060651,0.08483690867574,0.084, 28.0
546,28.000381992759888,91.8037413616209,0.08483575856422544,0.084, 28.0
547,28.000807559424018,91.8069599640256,0.08483757023130188,0.084, 28.0
548,28.000202962276333,91.80992735731893,0.08483905740388448,0.084, 28.0
549,28.000120616019863,91.80657062196741,0.08484042848084752,0.084, 28.0
550,27.9999495653988,91.80050212405688,0.08483887750767478,0.084, 28.0
551,28.000402258664007,91.79652215970872,0.08483607349781142,0.084, 28.0
552,28.000734762531664,91.79940783994456,0.0848342344653452,0.084, 28.0
553,28.001009426908944,91.80636901266527,0.08483556786308237,0.084, 28.0
554,28.000642489005717,91.81317193706745,0.08483878435357828,0.084, 28.0
555,27.999936916259344,91.81313344344174,0.08484192760578986,0.084, 28.0
556,28.000112073617544,91.80673931179831,0.08484190982035844,0.084, 28.0
557,27.999953119252336,91.80062252535294,0.08483895545116635,0.084, 28.0
558,28.00037606944117,91.79646095242825,0.08483612913132985,0.084, 28.0
559,28.000732808324738,91.79912302982451,0.08483420618282683,0.084, 28.0
560,28.001015485641116,91.80610650211347,0.08483543626067024,0.084, 28.0
561,28.000672087752605,91.81309895431917,0.08483866305974945,0.084, 28.0
562,27.99995669791314,91.81346036531903,0.08484189388514747,0.084, 28.0
563,28.00007696167112,91.8069542230934,0.08484206086983634,0.084, 28.0
564,27.999967755052822,91.80063885610895,0.08483905475127905,0.084, 28.0
565,28.000320106807113,91.79617767619528,0.08483613667723762,0.084, 28.0
566,28.000752427779755,91.79852051953753,0.08483407528707855,0.084, 28.0
567,28.001036538295338,91.8057479514913,0.08483515785764617,0.084, 28.0
568,28.00073143583626,91.81317613315683,0.08483849739002289,0.084, 28.0
569,27.999973858068476,91.81419113534524,0.08484192954453296,0.084, 28.0
570,28.00004647891086,91.80758776136499,0.08484239851047981,0.084, 28.0
571,27.999980499763495,91.80109982545281,0.08483934747798934,0.084, 28.0
572,28.00021884185584,91.79593734666118,0.08483634967580524,0.084, 28.0
573,28.000748078006467,91.79740104157564,0.08483396423590163,0.084, 28.0
574,28.00105918842361,91.80473019224071,0.08483464057600251,0.084, 28.0
575,28.000843389968818,91.81285675152323,0.08483802712859176,0.084, 28.0
576,28.00005564211478,91.81532352347894,0.08484178197868915,0.084, 28.0
577,27.999976671796052,91.80888718580013,0.08484292170971454,0.084, 28.0
578,28.00004148247713,91.80226806397313,0.08483994787461112,0.084, 28.0
579,27.9999843334629,91.7959233721609,0.0848368894774879,0.084, 28.0
580,28.000761046872306,91.79537410063315,0.08483395777857718,0.084, 28.0
581,28.001057493533825,91.8027740995351,0.08483370397129693,0.084, 28.0
582,28.00104464914066,91.81188166935578,0.08483712329754912,0.084, 28.0
583,28.00022490550102,91.81685961702692,0.0848413314539411,0.084, 28.0
584,27.999906442764956,91.81137929567724,0.08484363142849857,0.084, 28.0
585,28.000166110000734,91.8051576442883,0.08484109933741486,0.084, 28.0
586,27.99993068376858,91.79934614625067,0.08483822463555095,0.084, 28.0
587,28.000589483007897,91.7967604697671,0.08483553935625125,0.084, 28.0
588,28.00078285825244,91.80138608624412,0.08483434458301509,0.084, 28.0
589,28.00097557690046,91.80846197869012,0.0848364819471054,0.084, 28.0
590,28.000425571066973,91.81392696090576,0.08483975140893156,0.084, 28.0
591,27.999774220905802,91.81061658258491,0.08484227645304557,0.084, 28.0
592,28.000399752525368,91.80514141387918,0.08484074693255982,0.084, 28.0
593,27.999834971195305,91.8006445596737,0.08483821713619476,0.084, 28.0
594,28.00078616989992,91.79866635266852,0.08483613931266804,0.084, 28.0
595,28.00057992599524,91.8035546471871,0.08483522524311003,0.084, 28.0
596,28.00085183394942,91.8085354460329,0.08483748395809171,0.084, 28.0
597,28.000206838958736,91.81189045812401,0.08483978535433115,0.084, 28.0
598,27.99991366907541,91.80703674868468,0.08484133551469426,0.084, 28.0
599,28.00015331456649,91.80077438412629,0.08483909288233155,0.084, 28.0
600,28.000142218705395,91.79702386806015,0.08483619930027217,0.084, 28.0
601,28.000808643330366,91.79828767405056,0.08483446629322258,0.084, 28.0
602,28.000944268229485,91.80535435350171,0.08483505026606376,0.084, 28.0
603,28.000782165022414,91.81243451243147,0.08483831552614972,0.084, 28.0
604,28.00000132762162,91.81406512812819,0.08484158688859272,0.084, 28.0
605,27.99999944197579,91.80732111654753,0.08484234029094936,0.084, 28.0
606,28.000000992790657,91.80057298950652,0.08483922427472641,0.084, 28.0
607,28.00020574848435,91.79555102039461,0.08483610624243261,0.084, 28.0
608,28.00080233482871,91.79730702825634,0.08483378572242864,0.084, 28.0
609,28.001081716028548,91.80509578954951,0.08483459713474979,0.084, 28.0
610,28.000847451864658,91.81338258223195,0.08483819605520077,0.084, 28.0
611,28.00000355071575,91.8156030288777,0.08484202493132155,0.084, 28.0
612,27.999998507804143,91.80887156463025,0.0848430508495776,0.084, 28.0
613,28.000002654669192,91.8021286770894,0.08483994065690412,0.084, 28.0
614,28.000014517538457,91.79553313510509,0.08483682507192152,0.084, 28.0
615,28.000738523834418,91.79508369340077,0.08483377745799275,0.084, 28.0
616,28.001097192249325,91.80257087460224,0.08483356977967284,0.084, 28.0
617,28.001064389262563,91.81200338974487,0.08483702939500425,0.084, 28.0
618,28.000243275147092,91.81722216711532,0.08484138769348364,0.084, 28.0
619,27.99989888811825,91.81184532948264,0.08484379893605568,0.084, 28.0
620,28.000179493040065,91.80566638236667,0.08484131466350248,0.084, 28.0
621,27.99992514658705,91.79993039232362,0.08483845970064254,0.084, 28.0
622,28.000549492722197,91.79693166290112,0.08483580931869615,0.084, 28.0
623,28.000738371179377,91.80098422205728,0.08483442368738912,0.084, 28.0
624,28.000970781065835,91.80774734433602,0.08483629625938,0.084, 28.0
625,28.00047512006127,91.81343025134828,0.0848394212132305,0.084, 28.0
626,27.99984421216546,91.81111890364556,0.08484204695612728,0.084, 28.0
627,28.000276236570258,91.80524891499532,0.08484097902573857,0.084, 28.0
628,27.999885311510436,91.80005809811864,0.08483826680770673,0.084, 28.0
629,28.00067332642449,91.79767523391092,0.08483586832756827,0.084, 28.0
630,28.000682477968216,91.80231478264368,0.08483476727343936,0.084, 28.0
631,28.000915943853304,91.80839158323374,0.08483691106446099,0.084, 28.0
632,28.00033561059112,91.81294176103631,0.08483971888287659,0.084, 28.0
633,27.999845117569638,91.80909745720543,0.08484182125617794,0.084, 28.0
634,28.00027464586997,91.80322243085314,0.08484004502971994,0.084, 28.0
635,27.999885955012413,91.79802273626323,0.08483733045410426,0.084, 28.0
636,28.000859275819522,91.79730838891757,0.08483492784533407,0.084, 28.0
637,28.000833053181722,91.80409741584121,0.08483459776347818,0.084, 28.0
638,28.000910658595036,91.81113626802048,0.08483773474935521,0.084, 28.0
639,28.000108755223195,91.81445482367094,0.08484098704878915,0.084, 28.0
640,27.999954513382267,91.80831899470692,0.0848425203431381,0.084, 28.0
641,28.0000808476122,91.80182541270764,0.08483968534350551,0.084, 28.0
642,28.00002958749991,91.7963391267367,0.08483668494440527,0.084, 28.0
643,28.00075966264122,91.79620540323343,0.08483414988986544,0.084, 28.0
644,28.00102015684999,91.80338541245453,0.08483408809914504,0.084, 28.0
645,28.000972606851626,91.81191424516243,0.08483740576147078,0.084, 28.0
646,28.00017539813293,91.81608072470614,0.08484134650523137,0.084, 28.0
647,27.99992686870397,91.81032124518512,0.08484327155889831,0.084, 28.0
648,28.00012990250217,91.80398408063132,0.0848406104741268,0.084, 28.0
649,27.999945700289214,91.7979681531125,0.08483768238183724,0.084, 28.0
650,28.000674256345604,91.79628388922576,0.08483490262388484,0.084, 28.0
651,28.000890483756653,91.80215541722552,0.08483412436581933,0.084, 28.0
652,28.00099458649074,91.81000903233291,0.08483683742756139,0.084, 28.0
653,28.000324037929396,91.81510055773417,0.08484046621827876,0.084, 28.0
654,27.999865810213628,91.81017821853796,0.08484281869272355,0.084, 28.0
655,28.000238052523805,91.80418628505596,0.0848405443896571,0.084, 28.0
656,27.999900987152657,91.79878050698849,0.08483777581212504,0.084, 28.0
657,28.000742894888162,91.79719980818977,0.08483527799063252,0.084, 28.0
658,28.00079070831219,91.8029654733918,0.0848345475909554,0.084, 28.0
659,28.000932091727933,91.80984881303014,0.0848372117240655,0.084, 28.0
660,28.000247267999658,91.81406405119617,0.08484039218993253,0.084, 28.0
661,27.999897235418963,91.80870981915788,0.08484233979337075,0.084, 28.0
662,28.000182430249414,91.8025403321543,0.08483986592293731,0.084, 28.0
663,27.999907119783327,91.79734461667391,0.08483701528248679,0.084, 28.0
664,28.00087927861705,91.79703519919609,0.08483461450343978,0.084, 28.0
665,28.00089512575421,91.80428793445641,0.08483447152907228,0.084, 28.0
666,28.000921382608542,91.81178129463683,0.08483782278006304,0.084, 28.0
667,28.0000780623465,91.81502839687717,0.08484128507689832,0.084, 28.0
668,27.99996730528982,91.8087189606599,0.08484278535217459,0.084, 28.0
669,28.00005812672677,91.80215291187514,0.08483987014674019,0.084, 28.0
670,27.99999415671506,91.79609934369613,0.0848368362699306,0.084, 28.0
671,28.000753494879547,91.79558126978418,0.0848340390913092,0.084, 28.0
672,28.001043380696412,91.80285429708479,0.08483379970006695,0.084, 28.0
673,28.00102779482553,91.81179623060298,0.08483716035377097,0.084, 28.0
674,28.00022143014409,91.81662723804583,0.08484129197789997,0.084, 28.0
675,27.999907872941613,91.81112733884105,0.08484352406319998,0.084, 28.0
676,28.000163576395252,91.80489760810724,0.08484098292314357,0.084, 28.0
677,27.99993173241939,91.79907181824599,0.08483810448422105,0.084, 28.0
678,28.00061321255656,91.7967043471234,0.08483541259727853,0.084, 28.0
679,28.0008021668941,91.80162008409714,0.08483431865002793,0.084, 28.0
680,28.000976068291493,91.80882148451676,0.08483659006933987,0.084, 28.0
681,28.000397132537742,91.81414510544955,0.0848399175175584,0.084, 28.0
682,27.999741266191098,91.81029348818119,0.0848423772431398,0.084, 28.0
683,28.000457783358982,91.80500396172903,0.0848405976491998,0.084, 28.0
684,27.99981151906834,91.80083235518887,0.08483815362559205,0.084, 28.0
685,28.00084621075003,91.7991156110136,0.08483622608677739,0.084, 28.0
686,28.00053738959114,91.80421446715674,0.08483543283265235,0.084, 28.0
687,28.00082224085363,91.80870331006003,0.08483778883389811,0.084, 28.0
688,28.000134720162453,91.81141965202157,0.08483986291542854,0.084, 28.0
689,27.999941725871356,91.80590526657349,0.08484111798366693,0.084, 28.0
690,28.000103552229824,91.79948417544426,0.08483857007811578,0.084, 28.0
691,28.00030616678339,91.79645315991085,0.08483560313544562,0.084, 28.0
692,28.000865157579504,91.79947941374593,0.08483420258207779,0.084, 28.0
693,28.000984527670592,91.80712261685343,0.08483560093520692,0.084, 28.0
694,28.000642316117425,91.81375488173227,0.08483913255780796,0.084, 28.0
695,27.99983019639128,91.81307943673015,0.08484219694661266,0.084, 28.0
696,28.000300989321566,91.80728849489178,0.08484188486732036,0.084, 28.0
697,27.999875186392927,91.80223685837255,0.08483920920187503,0.084, 28.0
698,28.00048775676812,91.79806120242793,0.0848368750585287,0.084, 28.0
699,28.000521800354093,91.80024557814882,0.08483494561954023,0.084, 28.0
700,28.000925910594972,91.80527807047763,0.08483595495617921,0.084, 28.0
701,28.00057585036141,91.81115896813826,0.08483828027916082,0.084, 28.0
702,28.000119612949028,91.81159321793974,0.08484099753716973,0.084, 28.0
703,27.999949991801866,91.8055188664982,0.084841198178046,0.084, 28.0
704,28.000088879955566,91.79905099123604,0.08483839154023054,0.084, 28.0
705,28.00035807659126,91.79627113164591,0.08483540297371674,0.084, 28.0
706,28.000886895851192,91.799849204739,0.08483411847081951,0.084, 28.0
707,28.000996622150836,91.80769165911101,0.0848357718044195,0.084, 28.0
708,28.000597155548338,91.81417816838093,0.0848393954839042,0.084, 28.0
709,27.999775002949704,91.81271295084534,0.08484239251931235,0.084, 28.0
710,28.00039836024418,91.80723329788553,0.08484171553750122,0.084, 28.0
711,27.999835548227704,91.80272855726959,0.08483918369806623,0.084, 28.0
712,28.00058111353613,91.79886506666885,0.08483710225420207,0.084, 28.0
713,28.000426833307575,91.8012374436088,0.0848353170632776,0.084, 28.0
714,28.00088143716815,91.80529450120271,0.08483641326446405,0.084, 28.0
715,28.00047804136011,91.81033551030103,0.08483828787106854,0.084, 28.0
716,28.00016958689236,91.81015797933325,0.08484061706522178,0.084, 28.0
717,27.999929257283096,91.80436592177726,0.08484053503826887,0.084, 28.0
718,28.000125678792532,91.79801545953673,0.08483785881472573,0.084, 28.0
719,28.000463342824755,91.79644805190307,0.08483492448294912,0.084, 28.0
720,28.00094730489338,91.8012048394004,0.08483420022178084,0.084, 28.0
721,28.00096572735481,91.80925605854101,0.08483639819917506,0.084, 28.0
722,28.000450855177654,91.81477782454625,0.08484011831079455,0.084, 28.0
723,27.999814379931017,91.81056705529075,0.084842669579902,0.084, 28.0
724,28.000328929012657,91.80486545361516,0.0848407240488599,0.084, 28.0
725,27.99986376357537,91.79997097918394,0.08483808962702678,0.084, 28.0
726,28.00075357793883,91.79804975200607,0.08483582807262521,0.084, 28.0
727,28.0006642156204,91.80317254006282,0.08483494032860091,0.084, 28.0
728,28.00088556076826,91.80894624241171,0.08483730740152545,0.084, 28.0
729,28.00024082819584,91.81275709273972,0.08483997516150674,0.084, 28.0
730,27.99983323851651,91.80771776847953,0.08484173593268111,0.084, 28.0
731,28.00029564298606,91.80190985356037,0.08483940754772393,0.084, 28.0
732,27.999963882765357,91.798448185256,0.08483672396149637,0.084, 28.0
733,28.00083045575975,91.79828851476488,0.08483512443395172,0.084, 28.0
734,28.000798238487846,91.80469587341878,0.08483505065453528,0.084, 28.0
735,28.000823668603655,91.81102564256618,0.08483801127134012,0.084, 28.0
736,28.000069966600286,91.81340017367079,0.08484093593529711,0.084, 28.0
737,27.999970683373252,91.80704498712406,0.0848420330591847,0.084, 28.0
738,28.000052126174143,91.8004598625779,0.0848390966889118,0.084, 28.0
739,28.000205331730612,91.79604158874679,0.08483605397014944,0.084, 28.0
740,28.000812865191225,91.79787268166152,0.0848340124039748,0.084, 28.0
741,28.001034957313696,91.80546701138333,0.08483485850900127,0.084, 28.0
742,28.000800638112523,91.81322894140011,0.08483836758031389,0.084, 28.0
743,27.999976135292478,91.81488538214404,0.08484195394382292,0.084, 28.0
744,28.00004243167979,91.80826907975266,0.08484271927490357,0.084, 28.0
745,27.99998219492485,91.80175819900624,0.08483966228040167,0.084, 28.0
746,28.00013341901403,91.7958964261185,0.08483665388735043,0.084, 28.0
747,28.000721176360116,91.79640603833825,0.08483394532737287,0.084, 28.0
748,28.00106898200631,91.80362403173255,0.08483418080824331,0.084, 28.0
749,28.00094185892746,91.81229422751996,0.08483751601790232,0.084, 28.0
750,28.000157514458806,91.81612208540754,0.08484152207166941,0.084, 28.0
751,27.99993427132108,91.8102616611961,0.08484329066871436,0.084, 28.0
752,28.000116771736128,91.80388260555068,0.08484058294376445,0.084, 28.0
753,27.999951159390754,91.79779247966083,0.08483763549436757,0.084, 28.0
754,28.000673295738917,91.79615876590051,0.08483482144971727,0.084, 28.0
755,28.000907436323626,91.80212370203962,0.08483406654903795,0.084, 28.0
756,28.00100251212819,91.81012325749765,0.08483682277313258,0.084, 28.0
757,28.000324885361003,91.81527890831971,0.08484051899527617,0.084, 28.0
758,27.99986546542348,91.8103613254865,0.08484290109615693,0.084, 28.0
759,28.000238661693224,91.80437133310441,0.08484062899294266,0.084, 28.0
760,27.99990073724394,91.79896897997975,0.08483786131507198,0.084, 28.0
761,28.000726055954225,91.7972364252233,0.08483536507866524,0.084, 28.0
762,28.000776895446208,91.8028054376259,0.08483456451080248,0.084, 28.0
763,28.000932190658762,91.80959970266913,0.08483713777768478,0.084, 28.0
764,28.000267583821543,91.81392132018337,0.08484027708988968,0.084, 28.0
765,27.99988889549966,91.80868148340898,0.0848422738468411,0.084, 28.0
766,28.00019720072107,91.80255914732135,0.08483985283049036,0.084, 28.0
767,27.999900569137957,91.79749273766127,0.08483702397626873,0.084, 28.0
768,28.000889768148454,91.79720703385165,0.08483468294649686,0.084, 28.0
769,28.00087775943943,91.80443459557829,0.08483455092975957,0.084, 28.0
770,28.000909001456737,91.8117515708288,0.08483789054598975,0.084, 28.0
771,28.00006400860262,91.81482150938521,0.08484127134333254,0.084, 28.0
772,27.999973173904902,91.80843255053662,0.08484268976367852,0.084, 28.0
773,28.000047699298253,91.80183326464388,0.084839737811724,0.084, 28.0
774,28.000038256396763,91.79600592575616,0.08483668857250429,0.084, 28.0
775,28.00075517954035,91.79591602322394,0.08483399592486071,0.084, 28.0
776,28.001051410610877,91.80324512535452,0.08483395438278683,0.084, 28.0
777,28.00099386799996,91.81206636392126,0.0848373409403418,0.084, 28.0
778,28.000184638967983,91.81644824182601,0.08484141678998193,0.084, 28.0
779,27.999923049521232,91.81074088894844,0.08484344136207088,0.084, 28.0
780,28.000136674443006,91.80442531940652,0.0848408043673182,0.084, 28.0
781,27.999942888280735,91.79844763368483,0.08483788625986312,0.084, 28.0
782,28.000637188449574,91.79641308738813,0.0848351241790857,0.084, 28.0
783,28.000855400119548,91.80182014702842,0.08483418406545341,0.084, 28.0
784,28.000990605510147,91.80943542714921,0.08483668251132306,0.084, 28.0
785,28.000367153179486,91.81471507780951,0.08484020118722314,0.084, 28.0
786,27.999848255153527,91.81003494058936,0.0848426405889177,0.084, 28.0
787,28.000269095727436,91.80414216360242,0.0848404781890237,0.084, 28.0
788,27.999888234945917,91.79891119680521,0.08483775542543798,0.084, 28.0
789,28.000772040001074,91.797443981633,0.0848353383787059,0.084, 28.0
790,28.00076856337123,91.8032868043883,0.08483466041754413,0.084, 28.0
791,28.000914567583774,91.80992752517393,0.08483736019858258,0.084, 28.0
792,28.00021356408963,91.81382740765352,0.0848404285584039,0.084, 28.0
793,27.999911104278663,91.808283273135,0.08484223045606495,0.084, 28.0
794,28.000157857441792,91.80203537044133,0.08483966883842595,0.084, 28.0
795,27.999981064123837,91.79710475117045,0.08483678195831452,0.084, 28.0
796,28.00078805888888,91.79675161580542,0.08483450366738622,0.084, 28.0
797,28.000941832783173,91.80367234639014,0.08483434049180288,0.084, 28.0
798,28.00093756882451,91.81154356001085,0.08483753834215718,0.084, 28.0
799,28.000153043348742,91.81531359440345,0.08484117523410936,0.084, 28.0
800,27.99993612202804,91.80942795542377,0.08484291712218076,0.084, 28.0
801,28.000113489884566,91.80303845550289,0.08484019773494887,0.084, 28.0
802,27.999952523419722,91.79692981075932,0.08483724544627452,0.084, 28.0
803,28.000749863574974,91.79596743962945,0.08483442283155777,0.084, 28.0
804,28.00096804760153,91.80278933519128,0.08483397814123153,0.084, 28.0
805,28.001007083991887,91.81117982305086,0.08483713033736465,0.084, 28.0
806,28.000238444641717,91.81593584839024,0.08484100717298909,0.084, 28.0
807,27.999900869052166,91.81053184730874,0.08484320462190119,0.084, 28.0
808,28.000175987825322,91.80434174718084,0.08484070778128272,0.084, 28.0
809,27.999926592937673,91.79858602692909,0.08483784764466258,0.084, 28.0
810,28.000677632891325,91.79672082802699,0.08483518812680998,0.084, 28.0
811,28.000829797443746,91.80225836112325,0.0848343262654765,0.084, 28.0
812,28.000967740225096,91.80958872605522,0.08483688499415842,0.084, 28.0
813,28.000321829323063,91.81446511008372,0.08484027201820331,0.084, 28.0
814,27.999866708122227,91.80953038044761,0.08484252509579478,0.084, 28.0
815,28.000236466742955,91.80353339812065,0.0848402450599189,0.084, 28.0
816,27.999901637169675,91.79811871032199,0.08483747413974946,0.084, 28.0
817,28.000801606780016,91.79706464060901,0.08483497219242335,0.084, 28.0
818,28.000839644640056,91.80350596520063,0.08483448513325079,0.084, 28.0
819,28.00093250204274,91.81070638456723,0.08483746146409456,0.084, 28.0
820,28.00017719152664,91.81456076880053,0.08484078842484946,0.084, 28.0
821,27.99992612289021,91.80881146516194,0.08484256929321483,0.084, 28.0
822,28.000131228583186,91.8024785764039,0.08483991288814892,0.084, 28.0
823,27.99992976789393,91.79682898190606,0.08483698674746804,0.084, 28.0
824,28.000842805409583,91.79643515044751,0.08483437624089327,0.084, 28.0
825,28.00095428022823,91.80377447596445,0.08483419426030453,0.084, 28.0
826,28.000965349605206,91.81186642287058,0.08483758553209546,0.084, 28.0
827,28.00012697493136,91.81572738630106,0.08484132440947073,0.084, 28.0
828,27.999946939921553,91.80969448554717,0.08484310830636749,0.084, 28.0
829,28.000094291283048,91.80324373647781,0.08484032088380442,0.084, 28.0
830,27.999960520374312,91.7970265356363,0.08483734029859648,0.084, 28.0
831,28.000715650801155,91.79585396453187,0.08483446752584639,0.084, 28.0
832,28.000967798085355,91.80245255903074,0.08483392570675542,0.084, 28.0
833,28.00101791195324,91.81089717102488,0.08483697472581168,0.084, 28.0
834,28.000277234515345,91.81593056117036,0.08484087657614311,0.084, 28.0
835,27.999884948110484,91.81074496764056,0.08484320217905356,0.084, 28.0
836,28.00020418273351,91.80464486860727,0.08484080625184452,0.084, 28.0
837,27.99991494365877,91.79904817991283,0.08483798770420484,0.084, 28.0
838,28.000671705137986,91.7969993623719,0.08483540167468512,0.084, 28.0
839,28.000785959818906,91.80223695023727,0.084834454969723,0.084, 28.0
840,28.00095234266902,91.80920271596233,0.084836875100976,0.084, 28.0
841,28.000330635878644,91.81400670723686,0.08484009366408932,0.084, 28.0
842,27.99986311394273,91.8091214886224,0.08484231329853854,0.084, 28.0
843,28.000242826202733,91.80314482562783,0.08484005613333832,0.084, 28.0
844,27.999899019915816,91.79776597679299,0.08483729459576857,0.084, 28.0
845,28.00084139917032,91.79703547492872,0.08483480920341939,0.084, 28.0
846,28.000863601217393,91.80387228221909,0.0848344716564818,0.084, 28.0
847,28.000929265611013,91.81120787106477,0.0848376307243783,0.084, 28.0
848,28.000130262515153,91.81479203644267,0.08484102013231264,0.084, 28.0
849,27.999945572445355,91.80877774559914,0.08484267614624792,0.084, 28.0
850,28.00009672008447,91.80233477241475,0.08483989730813547,0.084, 28.0
851,27.999958892033856,91.79648406177847,0.08483692030099466,0.084, 28.0
852,28.000801849731864,91.79603120555052,0.08483421686114297,0.084, 28.0
853,28.000996722197172,91.80334533371246,0.08483400760611962,0.084, 28.0
854,28.000994667845767,91.81184459151461,0.08483738724267184,0.084, 28.0
855,28.000171082165775,91.81616438392827,0.08484131432253243,0.084, 28.0
856,27.999928654295992,91.81038054461487,0.08484331021182506,0.084, 28.0
857,28.00012673543891,91.80403327353142,0.08484063787300168,0.084, 28.0
858,27.999947016528246,91.79799944950433,0.08483770511184789,0.084, 28.0
859,28.000666962527117,91.7962666476599,0.08483491708513152,0.084, 28.0
860,28.00088958370701,91.80208310006977,0.08483411639886713,0.084, 28.0
861,28.000996421792,91.80994095239797,0.08483680401244184,0.084, 28.0
862,28.00033234362229,91.8150882780735,0.08484043476237024,0.084, 28.0
863,27.999862423286345,91.81021261610896,0.08484281301914125,0.084, 28.0
864,28.00024404327159,91.804239814437,0.08484056028282076,0.084, 28.0
865,27.999898523595824,91.79886778073998,0.0848378005458172,0.084, 28.0
866,28.000742752130513,91.79725779045337,0.08483531831737308,0.084, 28.0
867,28.000781956422635,91.80297258277191,0.08483457438315788,0.084, 28.0
868,28.000928835015518,91.80978093422534,0.0848372150090355,0.084, 28.0
869,28.000247742872297,91.81397291756825,0.08484036082692759,0.084, 28.0
870,27.99989703996347,91.80862136340842,0.08484229768657466,0.084, 28.0
871,28.000182776745085,91.8024529847898,0.08483982505221956,0.084, 28.0
872,27.99991882524662,91.79734968638292,0.08483697492253905,0.084, 28.0
873,28.000865252059047,91.79703898512884,0.08483461684602825,0.084, 28.0
874,28.000898267855053,91.80421843472386,0.08483447327846211,0.084, 28.0
875,28.000920227153504,91.81172554247708,0.08483779066714521,0.084, 28.0
876,28.000088011626623,91.81501495482594,0.08484125931721077,0.084, 28.0
877,27.99996315505199,91.80876180387993,0.0848427791415295,0.084, 28.0
878,28.000065499471155,91.80221926279826,0.08483988994231538,0.084, 28.0
879,27.999983321256803,91.7961713890108,0.08483686692826052,0.084, 28.0
880,28.000767338786314,91.79566531557313,0.08483407238190589,0.084, 28.0
881,28.00103363105718,91.80296962629302,0.08483383853593408,0.084, 28.0
882,28.001021798363432,91.81182449484074,0.08483721364296079,0.084, 28.0
883,28.000208885543184,91.81654662169574,0.08484130503708388,0.084, 28.0
884,27.999913041771748,91.81097601136958,0.08484348681626037,0.084, 28.0
885,28.000154416181253,91.80471705038833,0.08484091300364097,0.084, 28.0
886,27.999935527830562,91.79883955254823,0.08483802105630733,0.084, 28.0
887,28.0006233539551,91.7966031353606,0.08483530527392344,0.084, 28.0
888,28.000821680951535,91.80170962599388,0.08483427188237234,0.084, 28.0
889,28.000980807127608,91.80906050240638,0.08483663144348626,0.084, 28.0
890,28.000384436308263,91.81435474494714,0.08484002795490264,0.084, 28.0
891,27.999841236496785,91.80977162513722,0.08484247410350465,0.084, 28.0
892,28.00028150161716,91.80391848614678,0.08484035652571693,0.084, 28.0
893,27.99988314810457,91.79875734635489,0.08483765207332125,0.084, 28.0
894,28.000802432390532,91.79750349270519,0.08483526728875335,0.084, 28.0
895,28.000775031813316,91.80359232927951,0.08483468791613538,0.084, 28.0
896,28.00090712749727,91.81023366740085,0.08483750136947407,0.084, 28.0
897,28.000177183774348,91.81388254030699,0.08484057000942549,0.084, 28.0
898,27.999926124241547,91.80813321786052,0.08484225592922473,0.084, 28.0
899,28.00013122770175,91.80180034639399,0.08483959950565693,0.084, 28.0
900,28.000018789255126,91.79684091446565,0.08483667336215683,0.084, 28.0
901,28.000766632817633,91.79666406602378,0.08483438175465244,0.084, 28.0
902,28.000972114435495,91.80361686379706,0.08483430003705025,0.084, 28.0
903,28.00093888525441,91.81168226230191,0.0848375127058879,0.084, 28.0
904,28.000159782903623,91.81549785370358,0.08484123932006457,0.084, 28.0
905,27.999933330137445,91.80965025922468,0.08484300225552112,0.084, 28.0
906,28.000118442686414,91.80327655292109,0.08484030044927479,0.084, 28.0
907,27.99995046319332,91.79719589333618,0.08483735546178355,0.084, 28.0
908,28.000731760167746,91.7960567811173,0.08483454578199588,0.084, 28.0
909,28.000947815573163,91.8026455137837,0.08483401942404707,0.084, 28.0
910,28.00100307354448,91.81089336853243,0.08483706388295532,0.084, 28.0
911,28.00025859841892,91.81571974342094,0.08484087481923407,0.084, 28.0
912,27.999892589117827,91.8104292551584,0.08484310477513304,0.084, 28.0
913,28.00019065412247,91.80428597418698,0.08484066037935124,0.084, 28.0
914,27.999920528818038,91.79861300119525,0.08483782187430473,0.084, 28.0
915,28.000694964486474,91.79683117064963,0.0848352005908733,0.084, 28.0
916,28.000821915566174,91.80244336087607,0.08483437725226095,0.084, 28.0
917,28.000959236232575,91.80967714479192,0.08483697047568757,0.084, 28.0
918,28.00030210302444,91.81438727029042,0.08484031287160418,0.084, 28.0
919,27.999874764032196,91.80934163610706,0.0848424891312765,0.084, 28.0
920,28.00022221378132,91.80329914397615,0.0848401578515198,0.084, 28.0
921,27.999907504555207,91.79780415140156,0.08483736590021952,0.084, 28.0
922,28.00081152257429,91.7969017460312,0.0848348268429298,0.084, 28.0
923,28.000867993772225,91.80356586652854,0.08483440986350319,0.084, 28.0
924,28.000941068207847,91.81099284532819,0.08483748914209943,0.084, 28.0
925,28.00016552573842,91.81485585098673,0.0848409207816236,0.084, 28.0
926,27.999930950502492,91.80904069847755,0.08484270563058063,0.084, 28.0
927,28.000122665324454,91.80268048211451,0.084840018804575,0.084, 28.0
928,27.9999487059515,91.79662370841537,0.0848370800404975,0.084, 28.0
929,28.000789650618668,91.79596385527337,0.08483428138871553,0.084, 28.0
930,28.000986681087348,91.80314511508483,0.08483397648497584,0.084, 28.0
931,28.001003332203883,91.81162820098346,0.08483729472951533,0.084, 28.0
932,28.000193714610184,91.81613028620998,0.08484121434159878,0.084, 28.0
933,27.999919299860622,91.8104741404378,0.08484329445771695,0.084, 28.0
934,28.000143323606142,91.80417979559023,0.08484068111826026,0.084, 28.0
935,27.999940127550893,91.79823967647509,0.08483777281361336,0.084, 28.0
936,28.000666430435043,91.79642717982266,0.08483502808766936,0.084, 28.0
937,28.00086674386339,91.80210489972305,0.08483419057725546,0.084, 28.0
938,28.000986602305215,91.80976905019338,0.08483681408526776,0.084, 28.0
939,28.00033348089355,91.81484801010822,0.08484035533597889,0.084, 28.0
940,27.999861958504003,91.80997874746268,0.08484270200784794,0.084, 28.0
941,28.000244866299205,91.80400857985275,0.08484045222534516,0.084, 28.0
942,27.999898184351416,91.79864119040919,0.084837693701918,0.084, 28.0
943,28.00076487447358,91.79722340928969,0.08483521361632847,0.084, 28.0
944,28.000798087679346,91.80318290773134,0.08483455849645423,0.084, 28.0
945,28.00092792415335,91.81009083053654,0.08483731219201925,0.084, 28.0
946,28.000221163119857,91.8141372025055,0.08484050401261219,0.084, 28.0
947,27.999907974414796,91.80863588988251,0.08484237359171673,0.084, 28.0
948,28.000163403507184,91.80240567684417,0.08483983176413534,0.084, 28.0
949,27.99993046897914,91.7971559914363,0.08483695306330011,0.084, 28.0
950,28.000847921734255,91.79681382031688,0.08483452734428718,0.084, 28.0
951,28.000921591547105,91.80400807759561,0.08483436923507386,0.084, 28.0
952,28.00093641044141,91.8117471280245,0.0848376934698457,0.084, 28.0
953,28.000108831023955,91.81527860914002,0.08484126929058242,0.084, 28.0
954,27.99995448322196,91.80914317840698,0.08484290095792682,0.084, 28.0
955,28.000080900032337,91.80264973689901,0.08484006615501374,0.084, 28.0
956,27.999966105720276,91.7963568106436,0.08483706583429723,0.084, 28.0
957,28.000760007808818,91.79561912371682,0.08483415806121057,0.084, 28.0
958,28.001018460749503,91.80279171779725,0.08483381719160939,0.084, 28.0
959,28.001029385151018,91.81159523805506,0.08483713143827593,0.084, 28.0
960,28.00022890913936,91.81647569333272,0.08484119911141944,0.084, 28.0
961,27.999904793491993,91.81101794750624,0.08484345404541994,0.084, 28.0
962,28.00016903340093,91.80480563676052,0.08484093237986302,0.084, 28.0
963,27.999929472411853,91.79901065210011,0.08483806198824927,0.084, 28.0
964,28.00062684652593,91.79673590287501,0.08483538433416006,0.084, 28.0
965,28.00080384305216,91.80175974303276,0.08483433323121836,0.084, 28.0
966,28.000972693896994,91.80895306277756,0.08483665460079015,0.084, 28.0
967,28.000381415236607,91.81417134766754,0.08483997831283174,0.084, 28.0
968,27.99973293015609,91.81008287278227,0.08484238936791641,0.084, 28.0
969,28.00047245079076,91.8048402839162,0.0848405003357838,0.084, 28.0
970,27.999805610674944,91.80075080886266,0.08483807799720025,0.084, 28.0
971,28.00087274185111,91.79920793219887,0.08483618840692239,0.084, 28.0
972,28.000537132705293,91.80450058210566,0.08483547549159133,0.084, 28.0
973,28.000813435457864,91.80893207609306,0.0848379210355669,0.084, 28.0
974,28.000101094332667,91.8113889920993,0.0848399686160108,0.084, 28.0
975,27.99993533593986,91.80540671926039,0.0848411038175517,0.084, 28.0
976,28.00011489245163,91.79902181648804,0.0848383397220267,0.084, 28.0
977,28.000355821227643,91.79650306343213,0.08483538949290362,0.084, 28.0
978,28.000890277994696,91.80008735181607,0.08483422564138297,0.084, 28.0
979,28.000973848555198,91.80782937817905,0.08483588184478535,0.084, 28.0
980,28.000577686502517,91.81405826154908,0.08483945911690643,0.084, 28.0
981,27.99976704923057,91.8123425280457,0.08484233711836,0.084, 28.0
982,28.000412375547235,91.80690770721199,0.0848415443883407,0.084, 28.0
983,27.99982987039614,91.8024815789448,0.0848390332585504,0.084, 28.0
984,28.0006266205503,91.7989609361991,0.08483698813482993,0.084, 28.0
985,28.000435542731275,91.80176537681426,0.08483536136186377,0.084, 28.0
986,28.000869788821102,91.80580975465327,0.08483665720396012,0.084, 28.0
987,28.000420386732067,91.81045490838663,0.08483852594644026,0.084, 28.0
988,28.000136348256834,91.80949568304182,0.08484067223223489,0.084, 28.0
989,27.999943034406645,91.80351596826307,0.08484022902815903,0.084, 28.0
990,28.00010123390786,91.79708755728865,0.08483746608610977,0.084, 28.0
991,28.000563962499506,91.79606456486113,0.0848344957225033,0.084, 28.0
992,28.001001951762163,91.80186489267949,0.08483402302074984,0.084, 28.0
993,28.0009903020474,91.81037348006012,0.08483670318668726,0.084, 28.0
994,28.00036176804595,91.81562353463237,0.08484063460887545,0.084, 28.0
995,27.99985044875915,91.81091312990947,0.0848430603238425,0.084, 28.0
996,28.00026521406982,91.80500793368856,0.08484088394980867,0.084, 28.0
997,27.999889830999223,91.79975508477972,0.08483815546086079,0.084, 28.0
998,28.000687379330884,91.79755178806509,0.08483572831447098,0.084, 28.0
999,28.00070913152197,91.80245109379105,0.08483471023221748,0.084, 28.0
1000,28.000920301914725,91.80873168471055,0.0848369740487791,0.084, 28.0
