tempo,temp,h,vazao,vazaoideal,tempideal+
1,-5.319308177178269,2.158158475531111,0.012521980673998822,0.084, 57.0
2,13.356046264719252,2.7896645954398656,0.013007675598723975,0.084, 57.0
3,25.079957492528187,3.417979292939942,0.014788837151124678,0.084, 57.0
4,33.03189923143498,4.036151890885667,0.016369776313880757,0.084, 57.0
5,38.80917166448078,4.648090328544755,0.01778860051396501,0.084, 57.0
6,43.207900113772816,5.255754975563127,0.019089533303826702,0.084, 57.0
7,45.99079900775544,5.757600733428438,0.020299044068235062,0.084, 57.0
8,47.925548621698404,6.191598103206493,0.021246079579555134,0.084, 57.0
9,49.40062991698957,6.5872252114928855,0.02203227839537684,0.084, 57.0
10,50.57864593446011,6.956501481404749,0.022725282321261538,0.084, 57.0
11,51.54672474143485,7.3058141293788985,0.023353580370943816,0.084, 57.0
12,52.35812023531384,7.639101267706109,0.023932735483920463,0.084, 57.0
13,53.0502967754669,7.959566420187345,0.024472546646970746,0.084, 57.0
14,53.65112411943205,8.270052439009369,0.02498059261392107,0.084, 57.0
15,54.175283270017275,8.571295903299209,0.02546315202833959,0.084, 57.0
16,54.6346080371824,8.863973162381264,0.02592276217571457,0.084, 57.0
17,55.03872227932209,9.14844639636098,0.02636162923513437,0.084, 57.0
18,55.395597074414205,9.425359805690894,0.026781303132497138,0.084, 57.0
19,55.71182509500874,9.695308849785505,0.027183601835778975,0.084, 57.0
20,55.99289913494828,9.95884219175007,0.027570132640652705,0.084, 57.0
21,56.24342937845826,10.21646533796726,0.027942319657344228,0.084, 57.0
22,56.46730974050073,10.468643379059571,0.028301428983297527,0.084, 57.0
23,56.667847869291,10.715803754999913,0.02864858881198637,0.084, 57.0
24,56.847869801454806,10.958339614257286,0.028984806612982486,0.084, 57.0
25,57.00980078743277,11.196611864829164,0.029310984728558188,0.084, 57.0
26,57.154397829641816,11.43181182560723,0.029627932263366043,0.084, 57.0
27,57.266201147430756,11.675976653185884,0.029937502352861817,0.084, 57.0
28,57.34838741357807,11.928442333678241,0.030255521307850135,0.084, 57.0
29,57.39670346580877,12.191024034465197,0.0305808743982309,0.084, 57.0
30,57.41523112429646,12.462962364806094,0.03091563171442679,0.084, 57.0
31,57.41892776011295,12.739711302276104,0.03125853882382856,0.084, 57.0
32,57.41939188364876,13.017514639613687,0.03160369228584607,0.084, 57.0
33,57.4194503884324,13.29542942148625,0.03194641056121506,0.084, 57.0
34,57.41945869285812,13.573334737393886,0.032285626316435646,0.084, 57.0
35,57.41946001249763,13.85121582972285,0.03262130352103792,0.084, 57.0
36,57.41946024398008,14.12907087959151,0.032953532755233876,0.084, 57.0
37,57.41946028826498,14.406899827209124,0.03328241513111653,0.084, 57.0
38,57.41946029741461,14.684702874992482,0.03360804883436698,0.084, 57.0
39,57.41946029943976,14.962480263470695,0.033930527632198865,0.084, 57.0
40,57.419460299916736,15.24023223445447,0.03424994091463667,0.084, 57.0
41,57.41946030003561,15.517959024641328,0.0345663739374154,0.084, 57.0
42,57.419460300066795,15.795660864609669,0.03487990807803083,0.084, 57.0
43,57.41946030007538,16.07333797883252,0.035190621077005706,0.084, 57.0
44,57.41946030007784,16.350990585887686,0.035498587261192094,0.084, 57.0
45,57.41946030007857,16.62861889869841,0.03580387774995321,0.084, 57.0
46,57.41946030007879,16.906223124769827,0.03610656064564937,0.084, 57.0
47,57.41946030007888,17.183803466414098,0.03640670120983161,0.084, 57.0
48,57.41946030007891,17.46136012096324,0.03670436202642494,0.084, 57.0
49,57.419460300078924,17.738893280970036,0.036999603153054464,0.084, 57.0
50,57.419460300078924,18.016403134397912,0.0372924822615504,0.084, 57.0
51,57.419460300078924,18.29388986480038,0.03758305476856288,0.084, 57.0
52,57.419460300078924,18.571353651490824,0.03787137395712426,0.084, 57.0
53,57.41946030007893,18.848794669703274,0.03815749108991419,0.084, 57.0
54,57.419460300078924,19.126213090744777,0.038441455514909115,0.084, 57.0
55,57.419460300078924,19.4036090821399,0.038723314764033186,0.084, 57.0
56,57.41946030007893,19.68098280776793,0.039003114645368625,0.084, 57.0
57,57.41946030007893,19.95833442799317,0.03928089932943244,0.084, 57.0
58,57.419460300078924,20.235664099788824,0.03955671142997942,0.084, 57.0
59,57.41946030007892,20.512971976854864,0.03983059207975,0.084, 57.0
60,57.41946030007892,20.790258209730215,0.0401025810015443,0.084, 57.0
61,57.419460300078924,21.06752294589966,0.040372716574969894,0.084, 57.0
62,57.41946030007892,21.34476632989572,0.04064103589918119,0.084, 57.0
63,57.41946030007892,21.62198850339585,0.04090757485190029,0.084, 57.0
64,57.41946030007892,21.899189605315236,0.04117236814498572,0.084, 57.0
65,57.419460300078924,22.176369771895384,0.04143544937679226,0.084, 57.0
66,57.41946030007893,22.45352913678881,0.041696851081545694,0.084, 57.0
67,57.41946030007892,22.730667831140014,0.04195660477593775,0.084, 57.0
68,57.41946030007893,23.00778598366294,0.04221474100313038,0.084, 57.0
69,57.41946030007893,23.28488372071516,0.042471289374342934,0.084, 57.0
70,57.41946030007892,23.56196116636888,0.04272627860818291,0.084, 57.0
71,57.41946030007894,23.839018442479023,0.042979736567867896,0.084, 57.0
72,57.41946030007894,24.1160556687485,0.043231690296475285,0.084, 57.0
73,57.419460300078924,24.393072962790804,0.04348216605034624,0.084, 57.0
74,57.41946030007891,24.670070440190088,0.04373118933076025,0.084, 57.0
75,57.4194603000789,24.94704821455889,0.04397878491398896,0.084, 57.0
76,57.419460300078924,25.224006397593534,0.044224976879829084,0.084, 57.0
77,57.41946030007892,25.500945099127406,0.044469788638707666,0.084, 57.0
78,57.419460300078924,25.777864427182156,0.04471324295744594,0.084, 57.0
79,57.41946030007892,26.05476448801698,0.044955361983762085,0.084, 57.0
80,57.41946030007893,26.33164538617602,0.04519616726958749,0.084, 57.0
81,57.419460300078924,26.608507224534026,0.045435679793266,0.084, 57.0
82,57.41946030007891,26.885350104340294,0.04567391998070089,0.084, 57.0
83,57.4194603000789,27.16217412526104,0.04591090772550984,0.084, 57.0
84,57.419460300078924,27.438979385420225,0.046146662408244284,0.084, 57.0
85,57.41946030007891,27.715765981438935,0.04638120291472555,0.084, 57.0
86,57.419460300078896,27.992534008473328,0.04661454765354709,0.084, 57.0
87,57.4194603000789,28.269283560251306,0.046846714572788446,0.084, 57.0
88,57.41946030007891,28.546014729107895,0.04707772117598411,0.084, 57.0
89,57.4194603000789,28.822727606019384,0.04730758453738744,0.084, 57.0
90,57.41946030007892,29.099422280636333,0.04753632131656719,0.084, 57.0
91,57.419460300078924,29.37609884131548,0.04776394777237209,0.084, 57.0
92,57.41946030007892,29.65275737515053,0.04799047977629661,0.084, 57.0
93,57.419460300078924,29.929397968001986,0.04821593282527884,0.084, 57.0
94,57.41946030007891,30.206020704525983,0.04844032205395992,0.084, 57.0
95,57.4194603000789,30.482625668202164,0.04866366224643227,0.084, 57.0
96,57.41946030007891,30.7592129413607,0.048885967847502515,0.084, 57.0
97,57.4194603000789,31.03578260520842,0.04910725297349343,0.084, 57.0
98,57.41946030007891,31.312334739854126,0.0493275314226076,0.084, 57.0
99,57.419460300078896,31.58886942433311,0.04954681668487456,0.084, 57.0
100,57.4194603000789,31.865386736630935,0.049765121951701435,0.084, 57.0
101,57.41946030007892,32.14188675370646,0.04998246012504652,0.084, 57.0
102,57.419460300078924,32.41836955151416,0.05019884382623356,0.084, 57.0
103,57.419460300078924,32.694835205025804,0.050414285404423914,0.084, 57.0
104,57.41946030007892,32.97128378825145,0.050628796944762806,0.084, 57.0
105,57.419460300078924,33.24771537425983,0.05084239027621453,0.084, 57.0
106,57.419460300078924,33.524130035198176,0.051055076979101416,0.084, 57.0
107,57.41946030007892,33.800527842311354,0.05126686839235978,0.084, 57.0
108,57.419460300078924,34.07690886596058,0.0514777756205259,0.084, 57.0
109,57.41946030007891,34.353273175641526,0.05168780954046428,0.084, 57.0
110,57.4194603000789,34.62962084000189,0.05189698080784947,0.084, 57.0
111,57.41946030007891,34.905951926858535,0.052105299863412634,0.084, 57.0
112,57.41946030007891,35.1822665032141,0.0523127769389631,0.084, 57.0
113,57.4194603000789,35.45856463527318,0.05251942206319473,0.084, 57.0
114,57.41946030007892,35.734846388458,0.05272524506728648,0.084, 57.0
115,57.419460300078924,36.01111182742377,0.05293025559030588,0.084, 57.0
116,57.41946030007892,36.28736101607348,0.05313446308442407,0.084, 57.0
117,57.419460300078924,36.56359401757244,0.05333787681995002,0.084, 57.0
118,57.41946030007891,36.83981089436233,0.05354050589019196,0.084, 57.0
119,57.4194603000789,37.116011708174916,0.05374235921615283,0.084, 57.0
120,57.41946030007892,37.3921965200454,0.05394344555106685,0.084, 57.0
121,57.41946030007892,37.66836539032545,0.054143773484783636,0.084, 57.0
122,57.419460300078924,37.944518378695804,0.054343351448006186,0.084, 57.0
123,57.419460300078924,38.220655544178676,0.05454218771638841,0.084, 57.0
124,57.41946030007892,38.496776945149726,0.054740290414498245,0.084, 57.0
125,57.419460300078924,38.7728826393498,0.0549376675196512,0.084, 57.0
126,57.41946030007891,39.04897268389637,0.055134326865619976,0.084, 57.0
127,57.4194603000789,39.32504713529464,0.05533027614622465,0.084, 57.0
128,57.41946030007891,39.60110604944841,0.05552552291880825,0.084, 57.0
129,57.4194603000789,39.877149481670706,0.0557200746076022,0.084, 57.0
130,57.41946030007891,40.15317748669406,0.05591393850698575,0.084, 57.0
131,57.4194603000789,40.42919011868064,0.05610712178464348,0.084, 57.0
132,57.41946030007892,40.70518743123204,0.05629963148462486,0.084, 57.0
133,57.419460300078924,40.981169477398936,0.05649147453030937,0.084, 57.0
134,57.419460300078924,41.25713630969042,0.0566826577272809,0.084, 57.0
135,57.41946030007891,41.53308798008315,0.056873187766114615,0.084, 57.0
136,57.41946030007892,41.809024540030336,0.057063071225079705,0.084, 57.0
137,57.419460300078924,42.084946040470406,0.057252314572760976,0.084, 57.0
138,57.41946030007892,42.36085253183557,0.05744092417060227,0.084, 57.0
139,57.41946030007891,42.63674406406014,0.05762890627537459,0.084, 57.0
140,57.41946030007892,42.91262068658867,0.05781626704157157,0.084, 57.0
141,57.41946030007892,43.1884824483839,0.05800301252373494,0.084, 57.0
142,57.419460300078924,43.46432939793456,0.05818914867871241,0.084, 57.0
143,57.419460300078924,43.74016158326293,0.05837468136785048,0.084, 57.0
144,57.41946030007891,44.0159790519323,0.05855961635912427,0.084, 57.0
145,57.4194603000789,44.2917818510542,0.05874395932920671,0.084, 57.0
146,57.41946030007891,44.56757002729557,0.05892771586547921,0.084, 57.0
147,57.41946022908896,44.843343511450605,0.05911089146798559,0.084, 57.0
148,57.41945449155187,45.11908075868616,0.059293491475015433,0.084, 57.0
149,57.41944378686897,45.39475281345282,0.05947550698801142,0.084, 57.0
150,57.41943024254731,45.67032395091802,0.05965692433049748,0.084, 57.0
151,57.41941266362012,45.94576735487622,0.05983772553959561,0.084, 57.0
152,57.41938943208569,46.221055120558255,0.06001789866883291,0.084, 57.0
153,57.41936243536251,46.49615599528784,0.06019743118648641,0.084, 57.0
154,57.41933274265177,46.77104186183247,0.060376308516094025,0.084, 57.0
155,57.41929802765616,47.045686276539115,0.060554518262204565,0.084, 57.0
156,57.419258748526474,47.32006454585356,0.06073204923333863,0.084, 57.0
157,57.41921731173481,47.594145310639284,0.0609088914723862,0.084, 57.0
158,57.4191725092499,47.86790629705307,0.061085030836974454,0.084, 57.0
159,57.419123185495685,48.14132506228087,0.0612604591371054,0.084, 57.0
160,57.41907166831361,48.41437350233379,0.06143516814401032,0.084, 57.0
161,57.41901817870484,48.68703048983202,0.06160914609522656,0.084, 57.0
162,57.41896060398695,48.95927489259788,0.061782385761662124,0.084, 57.0
163,57.418857506746534,49.231134097975726,0.06195487996582411,0.084, 57.0
164,57.41856465091274,49.50275372216401,0.062126652197597915,0.084, 57.0
165,57.41809425360292,49.77409172460811,0.062297800056002446,0.084, 57.0
166,57.41745865355494,50.045109393070824,0.06246830229171653,0.084, 57.0
167,57.41667147270319,50.31576480715988,0.06263813995016737,0.084, 57.0
168,57.41574228723173,50.586020106524444,0.06280729225879217,0.084, 57.0
169,57.41468228521413,50.855838011372406,0.06297574117349883,0.084, 57.0
170,57.4135032898121,51.12517880734599,0.0631434691800474,0.084, 57.0
171,57.41220730330284,51.394016015942036,0.06331045741815428,0.084, 57.0
172,57.410797349707934,51.66232471119417,0.06347669537436441,0.084, 57.0
173,57.40927625397912,51.93007898764975,0.06364217357505653,0.084, 57.0
174,57.40764646113239,52.19725262624751,0.06380688201621938,0.084, 57.0
175,57.40591125061769,52.46382130290932,0.06397081057715155,0.084, 57.0
176,57.4040682068367,52.72978131918926,0.06413395037067411,0.084, 57.0
177,57.40212410877512,52.99512248102139,0.06429630514597584,0.084, 57.0
178,57.40008751822141,53.259831665009514,0.06445787463539328,0.084, 57.0
179,57.3979693706874,53.52390230662818,0.06461865676827976,0.084, 57.0
180,57.39577807571014,53.787325546234584,0.06477865343490592,0.084, 57.0
181,57.39351871762432,54.05009231595975,0.06493786509290855,0.084, 57.0
182,57.39119900125072,54.31219813349655,0.06509629204164585,0.084, 57.0
183,57.38882631890945,54.573637050229365,0.06525393730393693,0.084, 57.0
184,57.3863967146061,54.834412943686544,0.06541080296661998,0.084, 57.0
185,57.38391686330043,55.09451973948326,0.06556689694338924,0.084, 57.0
186,57.38139352956388,55.35395445493133,0.06572222110957213,0.084, 57.0
187,57.37882945479622,55.61271032964011,0.0658767791354937,0.084, 57.0
188,57.37622927077239,55.87078021742149,0.06603057238767346,0.084, 57.0
189,57.37360011970238,56.12816316869271,0.06618360196488134,0.084, 57.0
190,57.37094504067017,56.38485168444767,0.06633587259112153,0.084, 57.0
191,57.36826697186907,56.64083875605069,0.06648738505957877,0.084, 57.0
192,57.3655631964669,56.8961379376028,0.06663814041879002,0.084, 57.0
193,57.362835654421474,57.150745863289885,0.066788151750951,0.084, 57.0
194,57.36008714876716,57.404655395556716,0.06693742208721462,0.084, 57.0
195,57.357321939104125,57.657863083279786,0.06708595220321202,0.084, 57.0
196,57.354544318951895,57.91036662939249,0.06723374499259382,0.084, 57.0
197,57.351755519035954,58.16215985074287,0.06738080397074803,0.084, 57.0
198,57.34895532782927,58.413237137375255,0.06752713034253893,0.084, 57.0
199,57.34614920770879,58.66359985178991,0.06767272561061968,0.084, 57.0
200,57.34333518682546,58.913246104318546,0.06781759527128876,0.084, 57.0
201,57.34050886253002,59.16217652230913,0.06796174287478637,0.084, 57.0
202,57.33767462975637,59.41038971738823,0.06810517336699934,0.084, 57.0
203,57.33483420471886,59.657882453222875,0.06824789047174452,0.084, 57.0
204,57.331987484011954,59.904648451421025,0.06838989680013177,0.084, 57.0
205,57.32913641609503,60.150682450990445,0.06853119317939392,0.084, 57.0
206,57.32628505208728,60.3959842602769,0.06867178098868305,0.084, 57.0
207,57.32343377235029,60.64054678139564,0.06881166446181715,0.084, 57.0
208,57.32058366852932,60.884364513020586,0.068950843850249,0.084, 57.0
209,57.31773170170686,61.127441394181005,0.06908932028773199,0.084, 57.0
210,57.31487526122151,61.36978054483114,0.06922710022313365,0.084, 57.0
211,57.31201585175538,61.61137569018284,0.06936418957008553,0.084, 57.0
212,57.30915417147061,61.85221911172114,0.06950058887599685,0.084, 57.0
213,57.30629383416191,62.09230973513703,0.06963629785075409,0.084, 57.0
214,57.303436419340436,62.33164294701739,0.0697713199189663,0.084, 57.0
215,57.300581793480404,62.57021274756023,0.06990565647389461,0.084, 57.0
216,57.29772964272809,62.808013843272676,0.07003930810201313,0.084, 57.0
217,57.29488401497677,63.04504728555745,0.07017227575982254,0.084, 57.0
218,57.29204346366413,63.281310054197995,0.07030456391435554,0.084, 57.0
219,57.289202159232346,63.51680385965831,0.07043617471334686,0.084, 57.0
220,57.28636255561214,63.75152490435632,0.07056711289685311,0.084, 57.0
221,57.2835279395414,63.985471826978234,0.07069738009644726,0.084, 57.0
222,57.280697676125016,64.21863209440811,0.07082697926097863,0.084, 57.0
223,57.27787268918158,64.45099967821427,0.07095590712690238,0.084, 57.0
224,57.275055407101135,64.68257227485871,0.07108416402246001,0.084, 57.0
225,57.27224706882559,64.91334553222931,0.07121175230500175,0.084, 57.0
226,57.26944796200202,65.14331321351239,0.07133867317049553,0.084, 57.0
227,57.26665864181274,65.3724697440842,0.07146492675389357,0.084, 57.0
228,57.26387842324024,65.60081567650053,0.07159051353312255,0.084, 57.0
229,57.26110676046237,65.82835101147828,0.07171543731329846,0.084, 57.0
230,57.25834429433123,66.05506987635388,0.07183970155352748,0.084, 57.0
231,57.25559138102933,66.28096586978006,0.07196330647146602,0.084, 57.0
232,57.252848860144084,66.50603380203397,0.07208625197768821,0.084, 57.0
233,57.250118884980566,66.73027187114623,0.0722085386230705,0.084, 57.0
234,57.24740178002437,66.95367457178506,0.07233016877277326,0.084, 57.0
235,57.24469682029248,67.17623092804904,0.07245114275446557,0.084, 57.0
236,57.24200514773421,67.39793605490797,0.07257145792085924,0.084, 57.0
237,57.23932905662921,67.61878926693117,0.07269111490894045,0.084, 57.0
238,57.23666653282526,67.83878766431184,0.07281011659465603,0.084, 57.0
239,57.23401186043444,68.05793230152442,0.07292846462720882,0.084, 57.0
240,57.23136623555509,68.27621771565566,0.07304616274958949,0.084, 57.0
241,57.228732943694546,68.49364395768548,0.07316321117137632,0.084, 57.0
242,57.22611199765722,68.710201026945,0.07327961303311135,0.084, 57.0
243,57.223503648368265,68.92588122508347,0.07339536606974917,0.084, 57.0
244,57.220908296384025,69.14067850910509,0.07351046924109887,0.084, 57.0
245,57.21832861139127,69.35459259644927,0.07362492237764219,0.084, 57.0
246,57.215763868307455,69.56761568834338,0.07373872835601128,0.084, 57.0
247,57.21321425877878,69.77974197093383,0.07385188602849709,0.084, 57.0
248,57.210679967812965,69.9909656494825,0.07396439528936347,0.084, 57.0
249,57.208159378681714,70.20128567591819,0.074076256026607,0.084, 57.0
250,57.205650090017755,70.41070314722793,0.07418747061999072,0.084, 57.0
251,57.20315266291626,70.61921145565752,0.07429804254987253,0.084, 57.0
252,57.20066761621962,70.82680403925602,0.07440797120015805,0.084, 57.0
253,57.19819448162757,71.0334719546122,0.07451725596583432,0.084, 57.0
254,57.19573559430055,71.2392131821582,0.07462589497782655,0.084, 57.0
255,57.19329168155808,71.44402246953598,0.07473388999296907,0.084, 57.0
256,57.190863001233296,71.64789361020941,0.0748412410480453,0.084, 57.0
257,57.188449466255186,71.85081567040261,0.07494794766396488,0.084, 57.0
258,57.1860517505224,72.05278215958205,0.0750540068787774,0.084, 57.0
259,57.18367227730681,72.25379261558155,0.0751594180479814,0.084, 57.0
260,57.18131103561085,72.45384124606107,0.07526418365372466,0.084, 57.0
261,57.17896207286465,72.65292866434767,0.07536830337543224,0.084, 57.0
262,57.17662449744332,72.85104949625115,0.07547178020482131,0.084, 57.0
263,57.1742999724573,73.04819926092493,0.07557461399508494,0.084, 57.0
264,57.17199061089792,73.24437532032157,0.07567680504656968,0.084, 57.0
265,57.16969712806164,73.4395625823401,0.07577835459491854,0.084, 57.0
266,57.167419906877626,73.6337517349417,0.0758792574189776,0.084, 57.0
267,57.16515917661546,73.82693636883916,0.07597951129100153,0.084, 57.0
268,57.16291626521018,74.01911307685727,0.07607911547407074,0.084, 57.0
269,57.16069176555067,74.21027708339186,0.0761780707633477,0.084, 57.0
270,57.15848505647746,74.40042063804611,0.07627637723003054,0.084, 57.0
271,57.15629621234136,74.58953756647031,0.07637403340156139,0.084, 57.0
272,57.15412530743858,74.7776217290489,0.0764710386042407,0.084, 57.0
273,57.151971364657385,74.96467062920632,0.07656739216897383,0.084, 57.0
274,57.14983234991745,75.15068550826436,0.07666309527621341,0.084, 57.0
275,57.14770866115184,75.3356594867917,0.07675815099289407,0.084, 57.0
276,57.14560066060128,75.51958574619233,0.07685255821223176,0.084, 57.0
277,57.143508685929525,75.70245755212454,0.07694631584748862,0.084, 57.0
278,57.14143165567649,75.88426445116683,0.07703942284367507,0.084, 57.0
279,57.13937215734216,76.06500545536176,0.07713187624433546,0.084, 57.0
280,57.137330341128,76.2446741839077,0.07722367789545097,0.084, 57.0
281,57.13530634262073,76.42326429856107,0.07731482688345338,0.084, 57.0
282,57.13330000558015,76.60076623663267,0.07740532230413609,0.084, 57.0
283,57.13131103633423,76.77716836352157,0.07749516160994828,0.084, 57.0
284,57.129340829800775,76.95246757047104,0.07758434120168896,0.084, 57.0
285,57.12739051118318,77.12666075512546,0.07767286178276767,0.084, 57.0
286,57.125460014075045,77.29974214172468,0.07776072403985085,0.084, 57.0
287,57.12354478974192,77.4717104147982,0.07784792729361018,0.084, 57.0
288,57.12164328536487,77.64256074429228,0.07793447309451819,0.084, 57.0
289,57.11975611989189,77.81228597474207,0.07802036120367885,0.084, 57.0
290,57.11788556309961,77.98088388466086,0.07810559019954832,0.084, 57.0
291,57.116032361128205,78.14834922178913,0.07819016112374633,0.084, 57.0
292,57.11419659876038,78.31466940395336,0.07827407347895131,0.084, 57.0
293,57.11237848526894,78.47983684717028,0.07835732308642214,0.084, 57.0
294,57.110578250904005,78.64384539370505,0.07843990826625277,0.084, 57.0
295,57.10879610733655,78.80668902001021,0.07852182804078416,0.084, 57.0
296,57.10703387267805,78.96836643484907,0.078603081486471,0.084, 57.0
297,57.10529067636948,79.12886984025207,0.07868367002429519,0.084, 57.0
298,57.10356621096235,79.2881926282139,0.07876359181421173,0.084, 57.0
299,57.10186055897928,79.44632921914693,0.07884284559839257,0.084, 57.0
300,57.1001737952945,79.60327415882608,0.07892143061793241,0.084, 57.0
301,57.09850598634223,79.75902211779723,0.07899934616218013,0.084, 57.0
302,57.09685574829391,79.91357106372386,0.07907659156814552,0.084, 57.0
303,57.09522192596492,80.06691846153778,0.079153167791289,0.084, 57.0
304,57.09360491676513,80.2190584107497,0.07922907551766942,0.084, 57.0
305,57.09200507376744,80.36998520544908,0.07930431375027955,0.084, 57.0
306,57.090422713213314,80.51969334859835,0.0793788815750588,0.084, 57.0
307,57.08885811722603,80.66817755055182,0.07945277816747574,0.084, 57.0
308,57.087309980762825,80.81542822385843,0.07952600279130885,0.084, 57.0
309,57.08578016624988,80.96144426415962,0.07959855257949419,0.084, 57.0
310,57.08426909478176,81.10622170629779,0.07967042883222178,0.084, 57.0
311,57.0827768594348,81.24975605065586,0.07974163142157142,0.084, 57.0
312,57.08130353727695,81.39204297896117,0.07981215994052172,0.084, 57.0
313,57.079849350308436,81.53307657009553,0.07988201405542149,0.084, 57.0
314,57.07841508690044,81.67284433291742,0.07995119263085129,0.084, 57.0
315,57.077000670197414,81.8113427177929,0.08001969129970901,0.084, 57.0
316,57.07560724649223,81.94857195902235,0.08008751006914228,0.084, 57.0
317,57.074234956585386,82.0845303520496,0.08015465077952341,0.084, 57.0
318,57.072883507957386,82.21921526374832,0.08022111430041776,0.084, 57.0
319,57.07155254265417,82.35262424665078,0.08028690102798755,0.084, 57.0
320,57.07023684596954,82.48475851250019,0.0803520114305636,0.084, 57.0
321,57.06893689835843,82.61561413439735,0.08041644774161574,0.084, 57.0
322,57.06765311121808,82.7451874956451,0.0804802096675745,0.084, 57.0
323,57.066386027730324,82.87347587131227,0.08054329704983883,0.084, 57.0
324,57.065137173458076,83.00048007081874,0.08060571014705399,0.084, 57.0
325,57.06390658263001,83.12619782211969,0.08066745091765445,0.084, 57.0
326,57.06269421950494,83.25062306200805,0.0807285198009612,0.084, 57.0
327,57.06150004626013,83.3737489357591,0.08078891537866709,0.084, 57.0
328,57.060324089444414,83.49557382943271,0.08084863583613217,0.084, 57.0
329,57.059166363290984,83.61609643393095,0.08090768188637916,0.084, 57.0
330,57.058026864392424,83.73531571159928,0.08096605437107694,0.084, 57.0
331,57.056905573041526,83.8532308959717,0.0810237542439832,0.084, 57.0
332,57.05580350106787,83.96984463695827,0.08108078257049682,0.084, 57.0
333,57.05472009388874,84.08515600636164,0.081137142046892,0.084, 57.0
334,57.05365422875534,84.19916228066567,0.08119283361786774,0.084, 57.0
335,57.05260586580979,84.31186347651365,0.08124785734285052,0.084, 57.0
336,57.05157495448177,84.4232599121567,0.08130221458581968,0.084, 57.0
337,57.050561431194076,84.53335218888995,0.0813559068360318,0.084, 57.0
338,57.04956522038398,84.64214119061741,0.08140893569878539,0.084, 57.0
339,57.0485862354566,84.7496280835648,0.08146130289495991,0.084, 57.0
340,57.047624379653946,84.85581431597684,0.08151301026064171,0.084, 57.0
341,57.04667874588712,84.96070229272149,0.08156405974675723,0.084, 57.0
342,57.04574892981527,85.0642938694306,0.08161445374288408,0.084, 57.0
343,57.04483502503675,85.16659062861912,0.08166419435323757,0.084, 57.0
344,57.04393708814273,85.26759450560392,0.08171328353018095,0.084, 57.0
345,57.043055143610005,85.36730778474097,0.08176172337493473,0.084, 57.0
346,57.04218918735714,85.46573309115433,0.08180951613549424,0.084, 57.0
347,57.04133918991502,85.5628733830823,0.08185666420241237,0.084, 57.0
348,57.04050509925875,85.65873194478914,0.08190317010490897,0.084, 57.0
349,57.03968674965375,85.75331209261458,0.08194903650727975,0.084, 57.0
350,57.03888279460513,85.84661380065755,0.08199426606818908,0.084, 57.0
351,57.038093548556944,85.9386413606273,0.08203885982856876,0.084, 57.0
352,57.03731970902742,86.02940096912805,0.08208282087424372,0.084, 57.0
353,57.03656114580554,86.11889734373544,0.08212615317899433,0.084, 57.0
354,57.0358177163319,86.20713547820456,0.08216885998812969,0.084, 57.0
355,57.03508926940534,86.29412065483729,0.0822109446575773,0.084, 57.0
356,57.03437564618711,86.37985844012346,0.08225241065974445,0.084, 57.0
357,57.03367668107945,86.46435468018943,0.0822932615814058,0.084, 57.0
358,57.03299220251513,86.54761549618851,0.08233350112151706,0.084, 57.0
359,57.03232211638864,86.62964460585815,0.08237313308901865,0.084, 57.0
360,57.031666401139766,86.71044344285346,0.08241216012882613,0.084, 57.0
361,57.0310248491466,86.79001905740905,0.08245058378155798,0.084, 57.0
362,57.03039725837962,86.86837881228278,0.08248840824079995,0.084, 57.0
363,57.029783431909316,86.94553034312833,0.08252563782778641,0.084, 57.0
364,57.02918379751298,87.02148348697875,0.08256227697260574,0.084, 57.0
365,57.02859800856048,87.09624655282994,0.08259833112950367,0.084, 57.0
366,57.02802573809661,87.16982800434484,0.08263380500583202,0.084, 57.0
367,57.02746667810871,87.24223648238963,0.08266870336191706,0.084, 57.0
368,57.02692053678803,87.31348080748496,0.08270303102196042,0.084, 57.0
369,57.02638703617565,87.38356998073313,0.08273679287539988,0.084, 57.0
370,57.02586591016524,87.45251318358217,0.08276999387754887,0.084, 57.0
371,57.025354711342715,87.5203194685858,0.08280263904968756,0.084, 57.0
372,57.024853421821724,87.58699722003136,0.082834733332927,0.084, 57.0
373,57.0243622303634,87.65255511711939,0.0828662813335464,0.084, 57.0
374,57.02388125867725,87.71700221120733,0.08289728777940904,0.084, 57.0
375,57.023410572460186,87.78034789112905,0.08292775755655434,0.084, 57.0
376,57.0229501906289,87.84260185128241,0.08295769569283201,0.084, 57.0
377,57.02250009315726,87.90377406329642,0.08298710734289116,0.084, 57.0
378,57.022060227721596,87.96387475077655,0.08301599777490144,0.084, 57.0
379,57.02163086649274,88.02291547156472,0.08304437235876301,0.084, 57.0
380,57.02121190385091,88.08090726251716,0.08307223707696017,0.084, 57.0
381,57.02080325852127,88.13786147445904,0.08309959764873322,0.084, 57.0
382,57.020404695892054,88.19378923894224,0.08312645992460878,0.084, 57.0
383,57.020015988451306,88.24870179185403,0.08315282963515476,0.084, 57.0
384,57.01963691537796,88.30261047282981,0.08317871254402388,0.084, 57.0
385,57.01926749407363,88.35552219293932,0.08320411444796379,0.084, 57.0
386,57.01890755977925,88.4074469094221,0.08322903904243063,0.084, 57.0
387,57.01855686032419,88.45839648314929,0.08325349144449555,0.084, 57.0
388,57.0182151583401,88.50838286000361,0.08327747765319808,0.084, 57.0
389,57.01788222682847,88.55741804204516,0.08330100369277843,0.084, 57.0
390,57.017557847759456,88.60551408320765,0.0833240755994109,0.084, 57.0
391,57.01724181095029,88.65268308471612,0.08334669941949399,0.084, 57.0
392,57.01693391314452,88.69893718999474,0.08336888120780886,0.084, 57.0
393,57.01663395725755,88.7442885791664,0.08339062702543727,0.084, 57.0
394,57.01634175175946,88.78874946323513,0.08341194293748735,0.084, 57.0
395,57.01605711017143,88.83233207802975,0.08343283501066973,0.084, 57.0
396,57.01577985065537,88.8750486779754,0.0834533093107609,0.084, 57.0
397,57.01550979568001,88.91691152975051,0.0834733718999854,0.084, 57.0
398,57.015246771749474,88.95793290587797,0.08349302883434305,0.084, 57.0
399,57.014990609182775,88.9981250782925,0.0835122861609047,0.084, 57.0
400,57.01474114193419,89.03750031192024,0.08353114991509535,0.084, 57.0
401,57.0144982074472,89.07607085830095,0.0835496261179818,0.084, 57.0
402,57.014261646534806,89.11384894927943,0.08356772077357857,0.084, 57.0
403,57.01403130328106,89.15084679078831,0.08358543986618427,0.084, 57.0
404,57.013806805471575,89.18707585722021,0.0836027893577589,0.084, 57.0
405,57.01358756761936,89.22254661839558,0.08361977485742272,0.084, 57.0
406,57.01337359800516,89.25727083879526,0.08363640149409954,0.084, 57.0
407,57.013164877371445,89.29126034554913,0.08365267499465602,0.084, 57.0
408,57.01296136349967,89.3245269844274,0.08366860110633531,0.084, 57.0
409,57.012762996358916,89.35708259905633,0.08368418557636269,0.084, 57.0
410,57.012569702262866,89.38893901357211,0.08369943414244815,0.084, 57.0
411,57.01238139720067,89.42010801784288,0.08371435252490492,0.084, 57.0
412,57.01219798950062,89.45060135480234,0.08372894641997404,0.084, 57.0
413,57.01201938195541,89.48043070952781,0.08374322149413947,0.084, 57.0
414,57.011845473514065,89.50960769976402,0.08375718337925996,0.084, 57.0
415,57.01167616062524,89.5381438676509,0.08377083766837658,0.084, 57.0
416,57.01151133830065,89.56605067245866,0.08378418991208206,0.084, 57.0
417,57.011350900953886,89.59333948417124,0.08379724561535873,0.084, 57.0
418,57.011194760947745,89.62002163507155,0.08381001023481041,0.084, 57.0
419,57.011042846972764,89.64610843153882,0.08382248920301527,0.084, 57.0
420,57.01089503975162,89.6716109626073,0.08383468793424739,0.084, 57.0
421,57.010751224727926,89.69654019785366,0.08384661173517038,0.084, 57.0
422,57.010611291674074,89.72090698768339,0.08385826585084936,0.084, 57.0
423,57.01047513425591,89.74472206177008,0.08386965546509881,0.084, 57.0
424,57.01034264967912,89.76799602741067,0.08388078569996095,0.084, 57.0
425,57.0102137384024,89.79073936787499,0.08389166161513907,0.084, 57.0
426,57.01008830390334,89.81296244078725,0.08390228820742257,0.084, 57.0
427,57.009966252485754,89.83467547656824,0.08391267041012174,0.084, 57.0
428,57.00984749311995,89.85588857695987,0.08392281309252539,0.084, 57.0
429,57.00973193730858,89.87661171364843,0.0839327210593917,0.084, 57.0
430,57.00961949897286,89.89685472699819,0.08394239905048008,0.084, 57.0
431,57.00951009435471,89.91662732490389,0.08395185174012934,0.084, 57.0
432,57.009403641931286,89.9359390817674,0.0839610837368865,0.084, 57.0
433,57.00930006233958,89.95479943760193,0.08397009958318834,0.084, 57.0
434,57.00919927830849,89.9732176972652,0.08397890375509788,0.084, 57.0
435,57.00910121459722,89.99120302982155,0.08398750066209609,0.084, 57.0
436,57.00911662450069,90.00847930655185,0.0839958946469291,0.084, 57.0
437,57.010134832439626,90.02276648182097,0.08400395691652665,0.084, 57.0
438,57.01158392028843,90.03574409353062,0.08401062368638126,0.084, 57.0
439,57.012942907618054,90.04895335033923,0.08401667892110948,0.084, 57.0
440,57.01421787711856,90.06238033136424,0.08402284179118555,0.084, 57.0
441,57.01541454165133,90.07601184280952,0.08402910577876548,0.084, 57.0
442,57.01653839050992,90.08983585380071,0.0840354647067312,0.084, 57.0
443,57.0175943739173,90.10384156935302,0.08404191294192426,0.084, 57.0
444,57.01858756517567,90.11802048716423,0.08404844542903384,0.084, 57.0
445,57.019519940651165,90.13236775109507,0.08405505818327458,0.084, 57.0
446,57.02039594110245,90.14687633205304,0.08406174892117017,0.084, 57.0
447,57.02121934820607,90.16153855117177,0.08406851434653141,0.084, 57.0
448,57.02199359034396,90.17634697296074,0.08407535086106907,0.084, 57.0
449,57.02272248643971,90.19129666847795,0.08408225498094186,0.084, 57.0
450,57.02340883333045,90.2063807926221,0.08408922439176539,0.084, 57.0
451,57.02405431035428,90.22159941086991,0.08409625588658257,0.084, 57.0
452,57.0246610495291,90.23694879878427,0.08410334948033997,0.084, 57.0
453,57.02523167270384,90.25242443998538,0.08411050342153878,0.084, 57.0
454,57.025768899857454,90.26802304920034,0.08411771559008753,0.084, 57.0
455,57.026274744333016,90.28374000751113,0.08412498444016087,0.084, 57.0
456,57.02675189106519,90.29957356099034,0.08413230780496202,0.084, 57.0
457,57.02720013264717,90.3155248123948,0.08413968485311579,0.084, 57.0
458,57.027621368349756,90.33159256813767,0.0841471160842233,0.084, 57.0
459,57.02801738226078,90.34777412619222,0.08415460092794685,0.084, 57.0
460,57.02838995441021,90.36406737620062,0.08416213811146597,0.084, 57.0
461,57.02874083626986,90.38047071692513,0.08416972663787217,0.084, 57.0
462,57.02907093809338,90.3969833762266,0.08417736574761016,0.084, 57.0
463,57.029380196483906,90.4136091192411,0.08418505506737027,0.084, 57.0
464,57.02966980534823,90.43034583787907,0.08419279633643548,0.084, 57.0
465,57.02994141130752,90.44719329918655,0.08420058855904583,0.084, 57.0
466,57.030196045654954,90.46414983731766,0.08420843161261363,0.084, 57.0
467,57.030435101676616,90.48121530215268,0.08421632470753937,0.084, 57.0
468,57.03065775376466,90.4983933032247,0.0842242677598848,0.084, 57.0
469,57.03086475082355,90.51568478420164,0.08423226243532117,0.084, 57.0
470,57.03105706433602,90.53308911628761,0.08424030915827296,0.084, 57.0
471,57.031235715448375,90.55060616745124,0.08424840762125389,0.084, 57.0
472,57.03140159577201,90.5682357376899,0.08425655774791763,0.084, 57.0
473,57.03155433578412,90.58598103243379,0.08426475943023211,0.084, 57.0
474,57.031693772294524,90.60384466848345,0.08427301414416605,0.084, 57.0
475,57.0318206929721,90.62182671990479,0.08428132309123477,0.084, 57.0
476,57.031935852975934,90.63992745266027,0.0842896862898453,0.084, 57.0
477,57.03203992807051,90.65814715077187,0.08429810384752771,0.084, 57.0
478,57.03213251656433,90.67648901561743,0.08430657588006119,0.084, 57.0
479,57.03221307891096,90.69495641010715,0.08431510385941779,0.084, 57.0
480,57.03228221979638,90.71354987431903,0.08432368933195701,0.084, 57.0
481,57.032340465344014,90.7322699549374,0.08433233253116276,0.084, 57.0
482,57.032388333435954,90.75111738887504,0.08434103369337545,0.084, 57.0
483,57.032425011337125,90.77009603590109,0.08434979314312398,0.084, 57.0
484,57.032450043234284,90.78920919056375,0.08435861265581984,0.084, 57.0
485,57.03246377005236,90.8084574675862,0.08436749374338554,0.084, 57.0
486,57.03246663793832,90.8278420174371,0.08437643667196877,0.084, 57.0
487,57.032458840979466,90.84736339347211,0.08438544195634144,0.084, 57.0
488,57.03243906640503,90.86702765669514,0.08439450983356805,0.084, 57.0
489,57.03240696021044,90.88683608163062,0.08440364309841666,0.084, 57.0
490,57.03236299870358,90.9067905127083,0.0844128423215321,0.084, 57.0
491,57.03230704419323,90.9268910801947,0.08442210833778277,0.084, 57.0
492,57.032239012201224,90.94714085937133,0.08443144118565823,0.084, 57.0
493,57.032157141556716,90.9675446620435,0.0844408422706377,0.084, 57.0
494,57.032061586925686,90.98810390896453,0.08445031380346796,0.084, 57.0
495,57.0319523519597,91.00881976548665,0.08445985641985676,0.084, 57.0
496,57.03182925758589,91.02969294269214,0.08446947063652142,0.084, 57.0
497,57.031690890910575,91.05072973449062,0.08447915675897259,0.084, 57.0
498,57.031536122906445,91.07193102282893,0.08448891768264086,0.084, 57.0
499,57.03136520471812,91.0932992876159,0.08449875379075002,0.084, 57.0
500,57.03117747051021,91.11483434242575,0.08450866620737242,0.084, 57.0
501,57.03097180491837,91.13654015250864,0.08451865481919468,0.084, 57.0
502,57.03074678509861,91.15842102266564,0.0845287214380809,0.084, 57.0
503,57.03050149140378,91.18047641423934,0.0845388680322666,0.084, 57.0
504,57.03023595262994,91.2027087557189,0.08454909432321771,0.084, 57.0
505,57.029948245778264,91.22511807978645,0.08455940140781723,0.084, 57.0
506,57.02963638307624,91.24770937948261,0.08456978927167347,0.084, 57.0
507,57.029299786251116,91.27048359104437,0.08458026019912351,0.084, 57.0
508,57.02893668388263,91.29343792699903,0.08459081459318074,0.084, 57.0
509,57.02854614290627,91.31657503594819,0.08460145113103394,0.084, 57.0
510,57.02812488637258,91.33989676904953,0.08461217100877591,0.084, 57.0
511,57.027671200471836,91.36340025825821,0.08462297505224858,0.084, 57.0
512,57.02718430253597,91.38708512550271,0.0846338619008222,0.084, 57.0
513,57.02666056849855,91.41094621112008,0.08464483134745684,0.084, 57.0
514,57.02609663329997,91.434982706474,0.08465588097085644,0.084, 57.0
515,57.025491100142666,91.45919059592688,0.08466701036523944,0.084, 57.0
516,57.024839631834794,91.48355557611839,0.08467821764019758,0.084, 57.0
517,57.02413855621955,91.5080701359541,0.0846894961442544,0.084, 57.0
518,57.02338440365137,91.53272483420713,0.08470084237278164,0.084, 57.0
519,57.022571038864264,91.55749232590506,0.08471225192970518,0.084, 57.0
520,57.02169461979931,91.58234584002534,0.08472371213745865,0.084, 57.0
521,57.02074915865402,91.60725779820866,0.0847352105907455,0.084, 57.0
522,57.01972569148515,91.63217229126013,0.0847467345174996,0.084, 57.0
523,57.01861706164534,91.65701935897782,0.08475825804979004,0.084, 57.0
524,57.01741608575482,91.6817084743228,0.08476974883614946,0.084, 57.0
525,57.016107789014,91.70610143136057,0.08478116503320127,0.084, 57.0
526,57.014677226625494,91.72998970073698,0.0847924427777539,0.084, 57.0
527,57.01310982142998,91.75307422513112,0.08480348573341652,0.084, 57.0
528,57.01137684647898,91.77486710789691,0.0848141557716062,0.084, 57.0
529,57.009434445873644,91.79455665678637,0.08482422756063929,0.084, 57.0
530,57.00722444108376,91.81078637525285,0.08483332624559792,0.084, 57.0
531,57.00458760843564,91.82100235731431,0.08484082538389065,0.084, 57.0
532,57.00175168813168,91.8216901065675,0.08484554546240741,0.084, 57.0
533,57.00064870733757,91.81783187826119,0.08484586321297516,0.084, 57.0
534,57.00023724227366,91.81215961724777,0.08484408063769491,0.084, 57.0
535,57.0000863434405,91.80580398591934,0.08484145987659704,0.084, 57.0
536,57.000031365582466,91.7991969588022,0.08483852328097229,0.084, 57.0
537,57.00039445812875,91.79433372354336,0.08483547042110448,0.084, 57.0
538,57.00114510825353,91.79309914951116,0.08483322323197322,0.084, 57.0
539,57.00181151607774,91.79474854821196,0.08483265275424125,0.084, 57.0
540,57.0021884165546,91.79775666478841,0.08483341491523147,0.084, 57.0
541,57.002242038220146,91.80080808885657,0.08483480490057964,0.084, 57.0
542,57.002030982443415,91.80294336364685,0.08483621487411114,0.084, 57.0
543,57.00167135418035,91.80361567305877,0.08483720150800539,0.084, 57.0
544,57.00131581687697,91.80282480724554,0.08483751215569567,0.084, 57.0
545,57.00110735606882,91.80116039774917,0.08483714672764549,0.084, 57.0
546,57.00110709159468,91.79952132131058,0.0848363776642045,0.084, 57.0
547,57.001265120545284,91.7986043931301,0.08483562029943997,0.084, 57.0
548,57.00147313944127,91.79859719483045,0.08483519661332437,0.084, 57.0
549,57.00163583394682,91.79926005063992,0.08483519328718894,0.084, 57.0
550,57.00170438776708,91.80017435773412,0.08483549957400009,0.084, 57.0
551,57.00167677517117,91.80094509520386,0.08483592204748149,0.084, 57.0
552,57.00158481873662,91.80131967536163,0.0848362781801747,0.084, 57.0
553,57.001476914583264,91.80124199125234,0.08483645126093119,0.084, 57.0
554,57.0013984301307,91.80084078127163,0.08483641536577428,0.084, 57.0
555,57.001374196843926,91.8003485534916,0.08483622998019004,0.084, 57.0
556,57.0014014206849,91.79998395011172,0.0848360025378008,0.084, 57.0
557,57.001456821881945,91.79986139803017,0.08483583406608766,0.084, 57.0
558,57.00151168909814,91.79996999435782,0.084835777438564,0.084, 57.0
559,57.00154492531911,91.80021179823295,0.08483582761756765,0.084, 57.0
560,57.001548995791296,91.8004624931643,0.08483593934755165,0.084, 57.0
561,57.001529171133676,91.80062405793181,0.08483605518565843,0.084, 57.0
562,57.00149855111137,91.80065481373646,0.0848361298394844,0.084, 57.0
563,57.001471462114424,91.80057280033353,0.0848361440507343,0.084, 57.0
564,57.00145768051556,91.80043606223022,0.08483610615502192,0.084, 57.0
565,57.0014595293373,91.8003109855043,0.08483604297277691,0.084, 57.0
566,57.00147260912513,91.80024386498036,0.08483598517883514,0.084, 57.0
567,57.00148914244203,91.80024720638487,0.08483595416457848,0.084, 57.0
568,57.001501875089055,91.80030302660617,0.08483595570853537,0.084, 57.0
569,57.00150677048081,91.80037731185153,0.08483598150128237,0.084, 57.0
570,57.00150377508144,91.80043697434348,0.08483601582611693,0.084, 57.0
571,57.00149589020337,91.80046230923965,0.08483604339423503,0.084, 57.0
572,57.001487312860164,91.80045147007128,0.08483605510067278,0.084, 57.0
573,57.001481541529145,91.80041710054361,0.08483605009224315,0.084, 57.0
574,57.00148017167518,91.80037809176217,0.08483603421119247,0.084, 57.0
575,57.00148270732817,91.8003507406142,0.08483601618648859,0.084, 57.0
576,57.00148724314952,91.80034296755633,0.0848360035484001,0.084, 57.0
577,57.00149154325421,91.80035319763782,0.08483599995671895,0.084, 57.0
578,57.00149399138301,91.80037322702876,0.08483600468371201,0.084, 57.0
579,57.00149407106306,91.80039297751057,0.08483601393865141,0.084, 57.0
580,57.001492305872006,91.80040484199164,0.08483602306471485,0.084, 57.0
581,57.00148981306468,91.80040605333252,0.08483602854691011,0.084, 57.0
582,57.00148773207059,91.80039863102236,0.08483602910663175,0.084, 57.0
583,57.00148677637476,91.80038748281642,0.08483602567702093,0.084, 57.0
584,57.001487054614074,91.80037782019285,0.08483602052579321,0.084, 57.0
585,57.001488169398,91.8003730557495,0.08483601606100513,0.084, 57.0
586,57.00148949084085,91.80037389511146,0.08483601385950876,0.084, 57.0
587,57.001490456507526,91.80037869831952,0.08483601424735099,0.084, 57.0
588,57.00149077429079,91.80038466891348,0.08483601646675928,0.084, 57.0
589,57.00149047239278,91.80038921206878,0.08483601922557905,0.084, 57.0
590,57.001489813273906,91.80039089540082,0.08483602132482518,0.084, 57.0
591,57.00148913687185,91.80038973365936,0.08483602210263884,0.084, 57.0
592,57.00148871033613,91.80038684474881,0.08483602156583543,0.084, 57.0
593,57.00148864110357,91.80038375693312,0.08483602023096268,0.084, 57.0
594,57.00148887243202,91.80038171805573,0.0848360188041822,0.084, 57.0
595,57.00148924392581,91.80038127555147,0.08483601786208243,0.084, 57.0
596,57.0014895782471,91.80038222758643,0.08483601765761543,0.084, 57.0
597,57.00148975407435,91.80038387722884,0.08483601809752021,0.084, 57.0
598,57.00148974014851,91.8003854195218,0.08483601885976699,0.084, 57.0
599,57.001489586322265,91.80038627977964,0.08483601957241105,0.084, 57.0
600,57.001489385181735,91.80038628312509,0.08483601996990857,0.084, 57.0
601,57.00148922603965,91.80038562891076,0.08483601997145439,0.084, 57.0
602,57.00148916096325,91.80038472558812,0.08483601966916296,0.084, 57.0
603,57.00148919323754,91.80038398286757,0.08483601925176658,0.084, 57.0
604,57.001489287509,91.8003836520353,0.08483601890857927,0.084, 57.0
605,57.00148939258873,91.80038376530582,0.08483601875571228,0.084, 57.0
606,57.00148946507408,91.80038417461033,0.08483601880805097,0.084, 57.0
607,57.001489484405916,91.80038465142039,0.08483601899717744,0.084, 57.0
608,57.001489455513415,91.80038499447438,0.08483601921749605,0.084, 57.0
609,57.00148940092756,91.80038510166597,0.08483601937601029,0.084, 57.0
610,57.00148934789648,91.80038498653728,0.08483601942554007,0.084, 57.0
611,57.00148931668294,91.80038474593229,0.08483601937234281,0.084, 57.0
612,57.001489314318476,91.80038450282211,0.08483601926116698,0.084, 57.0
613,57.00148933496658,91.80038435235402,0.08483601914883356,0.084, 57.0
614,57.001489365206496,91.80038433135775,0.08483601907930707,0.084, 57.0
615,57.00148939102985,91.80038441767817,0.08483601906960539,0.084, 57.0
616,57.001489403426866,91.80038455260767,0.08483601910949128,0.084, 57.0
617,57.001489400720054,91.80038467228123,0.08483601917183786,0.084, 57.0
618,57.001489387499404,91.80038473372424,0.08483601922713517,0.084, 57.0
619,57.00148937136934,91.8003847266751,0.08483601925552602,0.084, 57.0
620,57.00148935928509,91.80038466991567,0.08483601925226884,0.084, 57.0
621,57.00148935499944,91.80038459716454,0.08483601922604213,0.084, 57.0
622,57.001489358352984,91.80038454046394,0.08483601919242617,0.084, 57.0
623,57.00148936625227,91.8003845181091,0.08483601916622664,0.084, 57.0
624,57.00148937456026,91.80038453075156,0.0848360191558972,0.084, 57.0
625,57.00148937994979,91.80038456527787,0.08483601916173886,0.084, 57.0
626,57.00148938100807,91.80038460313385,0.08483601917769235,0.084, 57.0
627,57.0014893783378,91.80038462881548,0.0848360191951844,0.084, 57.0
628,57.0014893738508,91.80038463518484,0.08483601920705104,0.084, 57.0
629,57.00148936971774,91.8003846242873,0.08483601920999412,0.084, 57.0
630,57.00148936746336,91.80038460440522,0.08483601920495872,0.084, 57.0
631,57.0014893675245,91.800384585376,0.08483601919577186,0.084, 57.0
632,57.00148936933513,91.80038457440139,0.08483601918697906,0.084, 57.0
633,57.00148937178126,91.80038457386375,0.08483601918190804,0.084, 57.0
634,57.00148937376266,91.80038458152792,0.08483601918165963,0.084, 57.0
635,57.00148937461744,91.80038459249211,0.08483601918520098,0.084, 57.0
636,57.001489374277014,91.80038460171889,0.08483601919026718,0.084, 57.0
637,57.00148937315368,91.80038460602634,0.08483601919453058,0.084, 57.0
638,57.00148937186773,91.80038460489112,0.08483601919652092,0.084, 57.0
639,57.001489370957394,91.8003846000294,0.08483601919599637,0.084, 57.0
640,57.00148937068882,91.80038459420489,0.08483601919374992,0.084, 57.0
641,57.00148937101616,91.80038458990855,0.0848360191910586,0.084, 57.0
642,57.00148937167253,91.80038458845358,0.0848360191890734,0.084, 57.0
643,57.00148937232559,91.80038458974046,0.08483601918840111,0.084, 57.0
644,57.0014893727221,91.80038459262653,0.08483601918899573,0.084, 57.0
645,57.001489372767914,91.80038459561474,0.08483601919032929,0.084, 57.0
646,57.001489372527345,91.8003845975189,0.08483601919171005,0.084, 57.0
647,57.001489372161025,91.80038459785224,0.0848360191925899,0.084, 57.0
648,57.0014893718409,91.80038459685296,0.08483601919274393,0.084, 57.0
649,57.00148937168064,91.80038459522184,0.0848360191922822,0.084, 57.0
650,57.00148937170517,91.80038459374126,0.08483601919152851,0.084, 57.0
651,57.001489371861645,91.80038459295186,0.08483601919084437,0.084, 57.0
652,57.00148937205834,91.80038459299881,0.08483601919047962,0.084, 57.0
653,57.001489372209285,91.800384593668,0.08483601919050132,0.084, 57.0
654,57.001489372266505,91.80038459455339,0.08483601919081053,0.084, 57.0
655,57.001489372229706,91.80038459525997,0.08483601919121964,0.084, 57.0
656,57.00148937213519,91.80038459555482,0.08483601919154612,0.084, 57.0
657,57.00148937203326,91.80038459541964,0.08483601919168235,0.084, 57.0
658,57.001489371965285,91.80038459500776,0.0848360191916199,0.084, 57.0
659,57.00148937194976,91.80038459454414,0.08483601919142959,0.084, 57.0
660,57.001489371980426,91.80038459422124,0.08483601919121536,0.084, 57.0
661,57.00148937203456,91.80038459413169,0.08483601919106616,0.084, 57.0
662,57.00148937208561,91.80038459425569,0.08483601919102478,0.084, 57.0
663,57.00148937211443,91.80038459449501,0.08483601919108208,0.084, 57.0
664,57.00148937211502,91.80038459472956,0.08483601919119266,0.084, 57.0
665,57.00148937209375,91.80038459486923,0.08483601919130103,0.084, 57.0
666,57.001489372064036,91.80038459488189,0.08483601919136557,0.084, 57.0
667,57.0014893720394,91.80038459479236,0.08483601919137142,0.084, 57.0
668,57.001489372028246,91.80038459465942,0.08483601919133005,0.084, 57.0
669,57.00148937203174,91.80038459454495,0.08483601919126864,0.084, 57.0
670,57.0014893720451,91.80038459448913,0.08483601919121574,0.084, 57.0
671,57.0014893720608,91.80038459449995,0.08483601919118995,0.084, 57.0
672,57.001489372072236,91.80038459455754,0.08483601919119493,0.084, 57.0
673,57.0014893720759,91.80038459462862,0.08483601919122155,0.084, 57.0
674,57.00148937207223,91.80038459468236,0.0848360191912544,0.084, 57.0
675,57.00148937206435,91.80038459470191,0.08483601919127924,0.084, 57.0
676,57.001489372056305,91.80038459468767,0.08483601919128826,0.084, 57.0
677,57.00148937205129,91.8003845946531,0.08483601919128168,0.084, 57.0
678,57.001489372050514,91.8003845946164,0.08483601919126571,0.084, 57.0
679,57.00148937205329,91.80038459459234,0.08483601919124875,0.084, 57.0
680,57.001489372057726,91.80038459458731,0.08483601919123764,0.084, 57.0
681,57.00148937206169,91.80038459459881,0.0848360191912353,0.084, 57.0
682,57.00148937206379,91.8003845946185,0.08483601919124062,0.084, 57.0
683,57.001489372063574,91.80038459463685,0.08483601919124972,0.084, 57.0
684,57.00148937206172,91.80038459464699,0.0848360191912582,0.084, 57.0
685,57.00148937205932,91.80038459464689,0.08483601919126288,0.084, 57.0
686,57.00148937205744,91.80038459463898,0.08483601919126284,0.084, 57.0
687,57.00148937205668,91.80038459462821,0.08483601919125919,0.084, 57.0
688,57.00148937205709,91.80038459461942,0.0848360191912542,0.084, 57.0
689,57.00148937205822,91.80038459461556,0.08483601919125015,0.084, 57.0
690,57.001489372059474,91.80038459461699,0.08483601919124838,0.084, 57.0
691,57.00148937206031,91.8003845946219,0.08483601919124903,0.084, 57.0
692,57.00148937206053,91.80038459462756,0.08483601919125129,0.084, 57.0
693,57.001489372060185,91.8003845946316,0.08483601919125391,0.084, 57.0
694,57.00148937205953,91.80038459463282,0.08483601919125577,0.084, 57.0
695,57.001489372058906,91.80038459463141,0.08483601919125633,0.084, 57.0
696,57.00148937205855,91.80038459462855,0.08483601919125569,0.084, 57.0
697,57.00148937205852,91.8003845946257,0.08483601919125437,0.084, 57.0
698,57.001489372058764,91.80038459462394,0.08483601919125304,0.084, 57.0
699,57.001489372059126,91.80038459462371,0.08483601919125223,0.084, 57.0
700,57.00148937205943,91.80038459462473,0.08483601919125212,0.084, 57.0
701,57.00148937205957,91.80038459462634,0.08483601919125261,0.084, 57.0
702,57.001489372059524,91.80038459462773,0.08483601919125335,0.084, 57.0
703,57.001489372059396,91.80038459462841,0.08483601919125398,0.084, 57.0
704,57.00148937205921,91.80038459462834,0.08483601919125432,0.084, 57.0
705,57.00148937205907,91.8003845946277,0.08483601919125426,0.084, 57.0
706,57.001489372059005,91.80038459462689,0.08483601919125397,0.084, 57.0
707,57.001489372059055,91.80038459462622,0.0848360191912536,0.084, 57.0
708,57.00148937205913,91.80038459462597,0.08483601919125329,0.084, 57.0
709,57.00148937205923,91.8003845946261,0.08483601919125318,0.084, 57.0
710,57.00148937205929,91.80038459462648,0.08483601919125323,0.084, 57.0
711,57.001489372059304,91.80038459462689,0.08483601919125341,0.084, 57.0
712,57.001489372059275,91.80038459462718,0.0848360191912536,0.084, 57.0
713,57.00148937205922,91.80038459462726,0.08483601919125373,0.084, 57.0
714,57.001489372059176,91.80038459462713,0.08483601919125378,0.084, 57.0
715,57.001489372059154,91.8003845946269,0.08483601919125372,0.084, 57.0
716,57.00148937205916,91.80038459462669,0.0848360191912536,0.084, 57.0
717,57.00148937205917,91.80038459462659,0.0848360191912535,0.084, 57.0
718,57.00148937205921,91.80038459462659,0.08483601919125346,0.084, 57.0
719,57.00148937205923,91.80038459462669,0.08483601919125346,0.084, 57.0
720,57.00148937205924,91.80038459462683,0.0848360191912535,0.084, 57.0
721,57.00148937205923,91.80038459462695,0.08483601919125357,0.084, 57.0
722,57.001489372059226,91.80038459462699,0.08483601919125362,0.084, 57.0
723,57.00148937205919,91.80038459462698,0.08483601919125364,0.084, 57.0
724,57.00148937205919,91.80038459462689,0.08483601919125364,0.084, 57.0
725,57.0014893720592,91.8003845946268,0.0848360191912536,0.084, 57.0
726,57.00148937205921,91.80038459462676,0.08483601919125355,0.084, 57.0
727,57.00148937205921,91.80038459462678,0.08483601919125354,0.084, 57.0
728,57.00148937205921,91.8003845946268,0.08483601919125354,0.084, 57.0
729,57.00148937205921,91.80038459462683,0.08483601919125355,0.084, 57.0
730,57.001489372059204,91.80038459462685,0.08483601919125357,0.084, 57.0
731,57.00148937205919,91.80038459462685,0.08483601919125358,0.084, 57.0
732,57.0014893720592,91.8003845946268,0.08483601919125358,0.084, 57.0
733,57.00148937205921,91.80038459462678,0.08483601919125355,0.084, 57.0
734,57.00148937205921,91.80038459462679,0.08483601919125354,0.084, 57.0
735,57.001489372059204,91.80038459462682,0.08483601919125355,0.084, 57.0
736,57.00148937205921,91.80038459462683,0.08483601919125357,0.084, 57.0
737,57.001489372059204,91.80038459462685,0.08483601919125357,0.084, 57.0
738,57.00148937205919,91.80038459462685,0.08483601919125358,0.084, 57.0
739,57.0014893720592,91.8003845946268,0.08483601919125358,0.084, 57.0
740,57.00148937205921,91.80038459462678,0.08483601919125355,0.084, 57.0
741,57.00148937205921,91.80038459462679,0.08483601919125354,0.084, 57.0
742,57.001489372059204,91.80038459462682,0.08483601919125355,0.084, 57.0
743,57.00148937205921,91.80038459462683,0.08483601919125357,0.084, 57.0
744,57.001489372059204,91.80038459462685,0.08483601919125357,0.084, 57.0
745,57.00148937205919,91.80038459462685,0.08483601919125358,0.084, 57.0
746,57.0014893720592,91.8003845946268,0.08483601919125358,0.084, 57.0
747,57.00148937205921,91.80038459462678,0.08483601919125355,0.084, 57.0
748,57.00148937205921,91.80038459462679,0.08483601919125354,0.084, 57.0
749,57.001489372059204,91.80038459462682,0.08483601919125355,0.084, 57.0
750,57.00148937205921,91.80038459462683,0.08483601919125357,0.084, 57.0
751,57.001489372059204,91.80038459462685,0.08483601919125357,0.084, 57.0
752,57.00148937205919,91.80038459462685,0.08483601919125358,0.084, 57.0
753,57.0014893720592,91.8003845946268,0.08483601919125358,0.084, 57.0
754,57.00148937205921,91.80038459462678,0.08483601919125355,0.084, 57.0
755,57.00148937205921,91.80038459462679,0.08483601919125354,0.084, 57.0
756,57.001489372059204,91.80038459462682,0.08483601919125355,0.084, 57.0
757,57.00148937205921,91.80038459462683,0.08483601919125357,0.084, 57.0
758,57.001489372059204,91.80038459462685,0.08483601919125357,0.084, 57.0
759,57.00148937205919,91.80038459462685,0.08483601919125358,0.084, 57.0
760,57.0014893720592,91.8003845946268,0.08483601919125358,0.084, 57.0
761,57.00148937205921,91.80038459462678,0.08483601919125355,0.084, 57.0
762,57.00148937205921,91.80038459462679,0.08483601919125354,0.084, 57.0
763,57.001489372059204,91.80038459462682,0.08483601919125355,0.084, 57.0
764,57.00148937205921,91.80038459462683,0.08483601919125357,0.084, 57.0
765,57.001489372059204,91.80038459462685,0.08483601919125357,0.084, 57.0
766,57.00148937205919,91.80038459462685,0.08483601919125358,0.084, 57.0
767,57.0014893720592,91.8003845946268,0.08483601919125358,0.084, 57.0
768,57.00148937205921,91.80038459462678,0.08483601919125355,0.084, 57.0
769,57.00148937205921,91.80038459462679,0.08483601919125354,0.084, 57.0
770,57.001489372059204,91.80038459462682,0.08483601919125355,0.084, 57.0
771,57.00148937205921,91.80038459462683,0.08483601919125357,0.084, 57.0
772,57.001489372059204,91.80038459462685,0.08483601919125357,0.084, 57.0
773,57.00148937205919,91.80038459462685,0.08483601919125358,0.084, 57.0
774,57.0014893720592,91.8003845946268,0.08483601919125358,0.084, 57.0
775,57.00148937205921,91.80038459462678,0.08483601919125355,0.084, 57.0
776,57.00148937205921,91.80038459462679,0.08483601919125354,0.084, 57.0
777,57.001489372059204,91.80038459462682,0.08483601919125355,0.084, 57.0
778,57.00148937205921,91.80038459462683,0.08483601919125357,0.084, 57.0
779,57.001489372059204,91.80038459462685,0.08483601919125357,0.084, 57.0
780,57.00148937205919,91.80038459462685,0.08483601919125358,0.084, 57.0
781,57.0014893720592,91.8003845946268,0.08483601919125358,0.084, 57.0
782,57.00148937205921,91.80038459462678,0.08483601919125355,0.084, 57.0
783,57.00148937205921,91.80038459462679,0.08483601919125354,0.084, 57.0
784,57.001489372059204,91.80038459462682,0.08483601919125355,0.084, 57.0
785,57.00148937205921,91.80038459462683,0.08483601919125357,0.084, 57.0
786,57.001489372059204,91.80038459462685,0.08483601919125357,0.084, 57.0
787,57.00148937205919,91.80038459462685,0.08483601919125358,0.084, 57.0
788,57.0014893720592,91.8003845946268,0.08483601919125358,0.084, 57.0
789,57.00148937205921,91.80038459462678,0.08483601919125355,0.084, 57.0
790,57.00148937205921,91.80038459462679,0.08483601919125354,0.084, 57.0
791,57.001489372059204,91.80038459462682,0.08483601919125355,0.084, 57.0
792,57.00148937205921,91.80038459462683,0.08483601919125357,0.084, 57.0
793,57.001489372059204,91.80038459462685,0.08483601919125357,0.084, 57.0
794,57.00148937205919,91.80038459462685,0.08483601919125358,0.084, 57.0
795,57.0014893720592,91.8003845946268,0.08483601919125358,0.084, 57.0
796,57.00148937205921,91.80038459462678,0.08483601919125355,0.084, 57.0
797,57.00148937205921,91.80038459462679,0.08483601919125354,0.084, 57.0
798,57.001489372059204,91.80038459462682,0.08483601919125355,0.084, 57.0
799,57.00148937205921,91.80038459462683,0.08483601919125357,0.084, 57.0
800,57.001489372059204,91.80038459462685,0.08483601919125357,0.084, 57.0
801,57.00148937205919,91.80038459462685,0.08483601919125358,0.084, 57.0
802,57.0014893720592,91.8003845946268,0.08483601919125358,0.084, 57.0
803,57.00148937205921,91.80038459462678,0.08483601919125355,0.084, 57.0
804,57.00148937205921,91.80038459462679,0.08483601919125354,0.084, 57.0
805,57.001489372059204,91.80038459462682,0.08483601919125355,0.084, 57.0
806,57.00148937205921,91.80038459462683,0.08483601919125357,0.084, 57.0
807,57.001489372059204,91.80038459462685,0.08483601919125357,0.084, 57.0
808,57.00148937205919,91.80038459462685,0.08483601919125358,0.084, 57.0
809,57.0014893720592,91.8003845946268,0.08483601919125358,0.084, 57.0
810,57.00148937205921,91.80038459462678,0.08483601919125355,0.084, 57.0
811,57.00148937205921,91.80038459462679,0.08483601919125354,0.084, 57.0
812,57.001489372059204,91.80038459462682,0.08483601919125355,0.084, 57.0
813,57.00148937205921,91.80038459462683,0.08483601919125357,0.084, 57.0
814,57.001489372059204,91.80038459462685,0.08483601919125357,0.084, 57.0
815,57.00148937205919,91.80038459462685,0.08483601919125358,0.084, 57.0
816,57.0014893720592,91.8003845946268,0.08483601919125358,0.084, 57.0
817,57.00148937205921,91.80038459462678,0.08483601919125355,0.084, 57.0
818,57.00148937205921,91.80038459462679,0.08483601919125354,0.084, 57.0
819,57.001489372059204,91.80038459462682,0.08483601919125355,0.084, 57.0
820,57.00148937205921,91.80038459462683,0.08483601919125357,0.084, 57.0
821,57.001489372059204,91.80038459462685,0.08483601919125357,0.084, 57.0
822,57.00148937205919,91.80038459462685,0.08483601919125358,0.084, 57.0
823,57.0014893720592,91.8003845946268,0.08483601919125358,0.084, 57.0
824,57.00148937205921,91.80038459462678,0.08483601919125355,0.084, 57.0
825,57.00148937205921,91.80038459462679,0.08483601919125354,0.084, 57.0
826,57.001489372059204,91.80038459462682,0.08483601919125355,0.084, 57.0
827,57.00148937205921,91.80038459462683,0.08483601919125357,0.084, 57.0
828,57.001489372059204,91.80038459462685,0.08483601919125357,0.084, 57.0
829,57.00148937205919,91.80038459462685,0.08483601919125358,0.084, 57.0
830,57.0014893720592,91.8003845946268,0.08483601919125358,0.084, 57.0
831,57.00148937205921,91.80038459462678,0.08483601919125355,0.084, 57.0
832,57.00148937205921,91.80038459462679,0.08483601919125354,0.084, 57.0
833,57.001489372059204,91.80038459462682,0.08483601919125355,0.084, 57.0
834,57.00148937205921,91.80038459462683,0.08483601919125357,0.084, 57.0
835,57.001489372059204,91.80038459462685,0.08483601919125357,0.084, 57.0
836,57.00148937205919,91.80038459462685,0.08483601919125358,0.084, 57.0
837,57.0014893720592,91.8003845946268,0.08483601919125358,0.084, 57.0
838,57.00148937205921,91.80038459462678,0.08483601919125355,0.084, 57.0
839,57.00148937205921,91.80038459462679,0.08483601919125354,0.084, 57.0
840,57.001489372059204,91.80038459462682,0.08483601919125355,0.084, 57.0
841,57.00148937205921,91.80038459462683,0.08483601919125357,0.084, 57.0
842,57.001489372059204,91.80038459462685,0.08483601919125357,0.084, 57.0
843,57.00148937205919,91.80038459462685,0.08483601919125358,0.084, 57.0
844,57.0014893720592,91.8003845946268,0.08483601919125358,0.084, 57.0
845,57.00148937205921,91.80038459462678,0.08483601919125355,0.084, 57.0
846,57.00148937205921,91.80038459462679,0.08483601919125354,0.084, 57.0
847,57.001489372059204,91.80038459462682,0.08483601919125355,0.084, 57.0
848,57.00148937205921,91.80038459462683,0.08483601919125357,0.084, 57.0
849,57.001489372059204,91.80038459462685,0.08483601919125357,0.084, 57.0
850,57.00148937205919,91.80038459462685,0.08483601919125358,0.084, 57.0
851,57.0014893720592,91.8003845946268,0.08483601919125358,0.084, 57.0
852,57.00148937205921,91.80038459462678,0.08483601919125355,0.084, 57.0
853,57.00148937205921,91.80038459462679,0.08483601919125354,0.084, 57.0
854,57.001489372059204,91.80038459462682,0.08483601919125355,0.084, 57.0
855,57.00148937205921,91.80038459462683,0.08483601919125357,0.084, 57.0
856,57.001489372059204,91.80038459462685,0.08483601919125357,0.084, 57.0
857,57.00148937205919,91.80038459462685,0.08483601919125358,0.084, 57.0
858,57.0014893720592,91.8003845946268,0.08483601919125358,0.084, 57.0
859,57.00148937205921,91.80038459462678,0.08483601919125355,0.084, 57.0
860,57.00148937205921,91.80038459462679,0.08483601919125354,0.084, 57.0
861,57.001489372059204,91.80038459462682,0.08483601919125355,0.084, 57.0
862,57.00148937205921,91.80038459462683,0.08483601919125357,0.084, 57.0
863,57.001489372059204,91.80038459462685,0.08483601919125357,0.084, 57.0
864,57.00148937205919,91.80038459462685,0.08483601919125358,0.084, 57.0
865,57.0014893720592,91.8003845946268,0.08483601919125358,0.084, 57.0
866,57.00148937205921,91.80038459462678,0.08483601919125355,0.084, 57.0
867,57.00148937205921,91.80038459462679,0.08483601919125354,0.084, 57.0
868,57.001489372059204,91.80038459462682,0.08483601919125355,0.084, 57.0
869,57.00148937205921,91.80038459462683,0.08483601919125357,0.084, 57.0
870,57.001489372059204,91.80038459462685,0.08483601919125357,0.084, 57.0
871,57.00148937205919,91.80038459462685,0.08483601919125358,0.084, 57.0
872,57.0014893720592,91.8003845946268,0.08483601919125358,0.084, 57.0
873,57.00148937205921,91.80038459462678,0.08483601919125355,0.084, 57.0
874,57.00148937205921,91.80038459462679,0.08483601919125354,0.084, 57.0
875,57.001489372059204,91.80038459462682,0.08483601919125355,0.084, 57.0
876,57.00148937205921,91.80038459462683,0.08483601919125357,0.084, 57.0
877,57.001489372059204,91.80038459462685,0.08483601919125357,0.084, 57.0
878,57.00148937205919,91.80038459462685,0.08483601919125358,0.084, 57.0
879,57.0014893720592,91.8003845946268,0.08483601919125358,0.084, 57.0
880,57.00148937205921,91.80038459462678,0.08483601919125355,0.084, 57.0
881,57.00148937205921,91.80038459462679,0.08483601919125354,0.084, 57.0
882,57.001489372059204,91.80038459462682,0.08483601919125355,0.084, 57.0
883,57.00148937205921,91.80038459462683,0.08483601919125357,0.084, 57.0
884,57.001489372059204,91.80038459462685,0.08483601919125357,0.084, 57.0
885,57.00148937205919,91.80038459462685,0.08483601919125358,0.084, 57.0
886,57.0014893720592,91.8003845946268,0.08483601919125358,0.084, 57.0
887,57.00148937205921,91.80038459462678,0.08483601919125355,0.084, 57.0
888,57.00148937205921,91.80038459462679,0.08483601919125354,0.084, 57.0
889,57.001489372059204,91.80038459462682,0.08483601919125355,0.084, 57.0
890,57.00148937205921,91.80038459462683,0.08483601919125357,0.084, 57.0
891,57.001489372059204,91.80038459462685,0.08483601919125357,0.084, 57.0
892,57.00148937205919,91.80038459462685,0.08483601919125358,0.084, 57.0
893,57.0014893720592,91.8003845946268,0.08483601919125358,0.084, 57.0
894,57.00148937205921,91.80038459462678,0.08483601919125355,0.084, 57.0
895,57.00148937205921,91.80038459462679,0.08483601919125354,0.084, 57.0
896,57.001489372059204,91.80038459462682,0.08483601919125355,0.084, 57.0
897,57.00148937205921,91.80038459462683,0.08483601919125357,0.084, 57.0
898,57.001489372059204,91.80038459462685,0.08483601919125357,0.084, 57.0
899,57.00148937205919,91.80038459462685,0.08483601919125358,0.084, 57.0
900,57.0014893720592,91.8003845946268,0.08483601919125358,0.084, 57.0
901,57.00148937205921,91.80038459462678,0.08483601919125355,0.084, 57.0
902,57.00148937205921,91.80038459462679,0.08483601919125354,0.084, 57.0
903,57.001489372059204,91.80038459462682,0.08483601919125355,0.084, 57.0
904,57.00148937205921,91.80038459462683,0.08483601919125357,0.084, 57.0
905,57.001489372059204,91.80038459462685,0.08483601919125357,0.084, 57.0
906,57.00148937205919,91.80038459462685,0.08483601919125358,0.084, 57.0
907,57.0014893720592,91.8003845946268,0.08483601919125358,0.084, 57.0
908,57.00148937205921,91.80038459462678,0.08483601919125355,0.084, 57.0
909,57.00148937205921,91.80038459462679,0.08483601919125354,0.084, 57.0
910,57.001489372059204,91.80038459462682,0.08483601919125355,0.084, 57.0
911,57.00148937205921,91.80038459462683,0.08483601919125357,0.084, 57.0
912,57.001489372059204,91.80038459462685,0.08483601919125357,0.084, 57.0
913,57.00148937205919,91.80038459462685,0.08483601919125358,0.084, 57.0
914,57.0014893720592,91.8003845946268,0.08483601919125358,0.084, 57.0
915,57.00148937205921,91.80038459462678,0.08483601919125355,0.084, 57.0
916,57.00148937205921,91.80038459462679,0.08483601919125354,0.084, 57.0
917,57.001489372059204,91.80038459462682,0.08483601919125355,0.084, 57.0
918,57.00148937205921,91.80038459462683,0.08483601919125357,0.084, 57.0
919,57.001489372059204,91.80038459462685,0.08483601919125357,0.084, 57.0
920,57.00148937205919,91.80038459462685,0.08483601919125358,0.084, 57.0
921,57.0014893720592,91.8003845946268,0.08483601919125358,0.084, 57.0
922,57.00148937205921,91.80038459462678,0.08483601919125355,0.084, 57.0
923,57.00148937205921,91.80038459462679,0.08483601919125354,0.084, 57.0
924,57.001489372059204,91.80038459462682,0.08483601919125355,0.084, 57.0
925,57.00148937205921,91.80038459462683,0.08483601919125357,0.084, 57.0
926,57.001489372059204,91.80038459462685,0.08483601919125357,0.084, 57.0
927,57.00148937205919,91.80038459462685,0.08483601919125358,0.084, 57.0
928,57.0014893720592,91.8003845946268,0.08483601919125358,0.084, 57.0
929,57.00148937205921,91.80038459462678,0.08483601919125355,0.084, 57.0
930,57.00148937205921,91.80038459462679,0.08483601919125354,0.084, 57.0
931,57.001489372059204,91.80038459462682,0.08483601919125355,0.084, 57.0
932,57.00148937205921,91.80038459462683,0.08483601919125357,0.084, 57.0
933,57.001489372059204,91.80038459462685,0.08483601919125357,0.084, 57.0
934,57.00148937205919,91.80038459462685,0.08483601919125358,0.084, 57.0
935,57.0014893720592,91.8003845946268,0.08483601919125358,0.084, 57.0
936,57.00148937205921,91.80038459462678,0.08483601919125355,0.084, 57.0
937,57.00148937205921,91.80038459462679,0.08483601919125354,0.084, 57.0
938,57.001489372059204,91.80038459462682,0.08483601919125355,0.084, 57.0
939,57.00148937205921,91.80038459462683,0.08483601919125357,0.084, 57.0
940,57.001489372059204,91.80038459462685,0.08483601919125357,0.084, 57.0
941,57.00148937205919,91.80038459462685,0.08483601919125358,0.084, 57.0
942,57.0014893720592,91.8003845946268,0.08483601919125358,0.084, 57.0
943,57.00148937205921,91.80038459462678,0.08483601919125355,0.084, 57.0
944,57.00148937205921,91.80038459462679,0.08483601919125354,0.084, 57.0
945,57.001489372059204,91.80038459462682,0.08483601919125355,0.084, 57.0
946,57.00148937205921,91.80038459462683,0.08483601919125357,0.084, 57.0
947,57.001489372059204,91.80038459462685,0.08483601919125357,0.084, 57.0
948,57.00148937205919,91.80038459462685,0.08483601919125358,0.084, 57.0
949,57.0014893720592,91.8003845946268,0.08483601919125358,0.084, 57.0
950,57.00148937205921,91.80038459462678,0.08483601919125355,0.084, 57.0
951,57.00148937205921,91.80038459462679,0.08483601919125354,0.084, 57.0
952,57.001489372059204,91.80038459462682,0.08483601919125355,0.084, 57.0
953,57.00148937205921,91.80038459462683,0.08483601919125357,0.084, 57.0
954,57.001489372059204,91.80038459462685,0.08483601919125357,0.084, 57.0
955,57.00148937205919,91.80038459462685,0.08483601919125358,0.084, 57.0
956,57.0014893720592,91.8003845946268,0.08483601919125358,0.084, 57.0
957,57.00148937205921,91.80038459462678,0.08483601919125355,0.084, 57.0
958,57.00148937205921,91.80038459462679,0.08483601919125354,0.084, 57.0
959,57.001489372059204,91.80038459462682,0.08483601919125355,0.084, 57.0
960,57.00148937205921,91.80038459462683,0.08483601919125357,0.084, 57.0
961,57.001489372059204,91.80038459462685,0.08483601919125357,0.084, 57.0
962,57.00148937205919,91.80038459462685,0.08483601919125358,0.084, 57.0
963,57.0014893720592,91.8003845946268,0.08483601919125358,0.084, 57.0
964,57.00148937205921,91.80038459462678,0.08483601919125355,0.084, 57.0
965,57.00148937205921,91.80038459462679,0.08483601919125354,0.084, 57.0
966,57.001489372059204,91.80038459462682,0.08483601919125355,0.084, 57.0
967,57.00148937205921,91.80038459462683,0.08483601919125357,0.084, 57.0
968,57.001489372059204,91.80038459462685,0.08483601919125357,0.084, 57.0
969,57.00148937205919,91.80038459462685,0.08483601919125358,0.084, 57.0
970,57.0014893720592,91.8003845946268,0.08483601919125358,0.084, 57.0
971,57.00148937205921,91.80038459462678,0.08483601919125355,0.084, 57.0
972,57.00148937205921,91.80038459462679,0.08483601919125354,0.084, 57.0
973,57.001489372059204,91.80038459462682,0.08483601919125355,0.084, 57.0
974,57.00148937205921,91.80038459462683,0.08483601919125357,0.084, 57.0
975,57.001489372059204,91.80038459462685,0.08483601919125357,0.084, 57.0
976,57.00148937205919,91.80038459462685,0.08483601919125358,0.084, 57.0
977,57.0014893720592,91.8003845946268,0.08483601919125358,0.084, 57.0
978,57.00148937205921,91.80038459462678,0.08483601919125355,0.084, 57.0
979,57.00148937205921,91.80038459462679,0.08483601919125354,0.084, 57.0
980,57.001489372059204,91.80038459462682,0.08483601919125355,0.084, 57.0
981,57.00148937205921,91.80038459462683,0.08483601919125357,0.084, 57.0
982,57.001489372059204,91.80038459462685,0.08483601919125357,0.084, 57.0
983,57.00148937205919,91.80038459462685,0.08483601919125358,0.084, 57.0
984,57.0014893720592,91.8003845946268,0.08483601919125358,0.084, 57.0
985,57.00148937205921,91.80038459462678,0.08483601919125355,0.084, 57.0
986,57.00148937205921,91.80038459462679,0.08483601919125354,0.084, 57.0
987,57.001489372059204,91.80038459462682,0.08483601919125355,0.084, 57.0
988,57.00148937205921,91.80038459462683,0.08483601919125357,0.084, 57.0
989,57.001489372059204,91.80038459462685,0.08483601919125357,0.084, 57.0
990,57.00148937205919,91.80038459462685,0.08483601919125358,0.084, 57.0
991,57.0014893720592,91.8003845946268,0.08483601919125358,0.084, 57.0
992,57.00148937205921,91.80038459462678,0.08483601919125355,0.084, 57.0
993,57.00148937205921,91.80038459462679,0.08483601919125354,0.084, 57.0
994,57.001489372059204,91.80038459462682,0.08483601919125355,0.084, 57.0
995,57.00148937205921,91.80038459462683,0.08483601919125357,0.084, 57.0
996,57.001489372059204,91.80038459462685,0.08483601919125357,0.084, 57.0
997,57.00148937205919,91.80038459462685,0.08483601919125358,0.084, 57.0
998,57.0014893720592,91.8003845946268,0.08483601919125358,0.084, 57.0
999,57.00148937205921,91.80038459462678,0.08483601919125355,0.084, 57.0
1000,57.00148937205921,91.80038459462679,0.08483601919125354,0.084, 57.0
